747 
450 451 452 453 454 455 456 
769 768 763 762 761 760 767 766 765 764 757 758 759 778 770 771 772 773 774 775 776 777 
535 
465 
1049 1051 1023 1022 1021 1027 1026 1025 1024 1029 1028 1030 1050 1047 
209 208 
218 219 232 230 231 215 216 217 221 220 223 222 225 224 227 226 229 228 233 
612 613 614 596 595 609 598 599 615 
955 
1259 
407 
709 
1081 
1225 
626 640 641 632 633 630 631 629 628 634 635 636 627 639 638 637 
546 545 
209 208 
203 202 201 213 207 205 204 210 211 214 212 
1159 1104 1098 1099 1094 1095 1096 1097 1090 1091 1092 1093 1102 1103 1166 1101 1160 1161 1162 1163 1100 1089 
206 
35 51 
424 425 422 423 421 
120 
1150 1132 
709 
121 126 127 122 119 118 117 123 114 113 112 124 125 
1110 1111 1113 1114 1115 1116 1117 1118 1119 1154 1143 1142 1152 1138 1139 1158 1133 1130 1131 1136 1137 1134 1135 1107 1106 1105 1153 1109 1108 1155 1149 1148 1156 1157 1151 1129 1128 1141 1140 1147 1146 1145 1144 1123 1122 1125 1124 1126 
649 
1127 
342 388 
1120 
99 
648 662 663 661 660 667 666 665 664 643 642 645 644 647 646 676 678 677 669 668 670 671 672 673 674 675 658 659 656 657 654 655 652 653 650 651 
572 
580 
1046 
248 249 241 242 243 244 245 246 247 1017 259 258 253 252 251 250 257 256 255 254 260 261 
511 
713 712 711 710 
1041 
238 240 234 235 237 
597 
579 
1015 1014 1016 1013 
489 490 487 471 488 467 466 486 464 463 462 461 460 470 459 469 468 
1054 1055 1052 1053 
239 
266 426 427 431 430 428 429 
331 
121 126 127 122 119 118 117 123 114 113 112 124 125 
1154 
97 96 95 94 93 128 116 109 100 101 111 110 104 105 106 107 
120 
563 562 
54 
587 560 553 552 551 550 557 556 555 554 566 567 564 565 588 558 559 561 586 568 
82 81 79 
398 
1248 1241 
780 
1059 
789 788 783 782 781 787 786 785 784 969 968 800 801 802 803 967 798 799 790 791 793 794 795 796 797 978 970 971 972 973 974 975 976 977 
396 
792 
1176 
1048 
709 
1168 1167 
1060 1065 
1040 1031 1039 1033 1032 1036 1034 
994 
1259 
206 
982 983 980 743 986 751 984 985 988 989 981 733 1000 732 987 748 723 720 721 726 727 724 725 740 741 728 729 744 745 746 999 998 749 995 997 996 991 990 993 992 979 750 717 716 714 739 738 735 734 737 736 731 730 719 718 753 752 742 
1038 1037 1035 
947 935 
722 715 
930 931 932 933 934 936 937 938 939 941 940 943 942 958 959 952 953 950 951 956 957 945 923 944 946 927 926 925 924 929 928 949 948 954 965 964 963 962 961 960 
203 202 201 213 207 205 204 210 211 214 212 
805 804 806 
648 662 678 
903 1020 887 1019 1018 
663 661 660 667 666 665 664 643 642 645 644 647 646 676 677 669 668 670 671 672 673 674 675 658 659 656 657 654 655 652 653 650 651 
315 314 316 311 310 313 312 394 287 286 285 289 288 393 409 408 420 405 404 406 402 302 303 300 301 307 304 305 308 309 403 390 290 291 292 293 391 295 296 297 298 299 392 399 412 413 410 411 416 417 414 415 395 418 419 
1057 1056 
294 306 1256 
0 
1265 
603 
608 605 604 607 606 601 600 602 
1269 1282 
1278 1279 1277 1164 1165 1291 1268 1271 1273 1263 1262 1261 1260 1267 1272 1276 1275 1281 1274 
478 477 439 481 479 484 485 483 482 476 480 449 448 443 442 441 440 447 446 445 444 
836 
322 323 326 324 325 328 327 
903 1020 887 
580 
1019 1018 
834 835 837 838 839 694 698 699 708 707 706 695 696 705 702 704 700 701 697 690 703 692 852 853 850 693 854 845 844 847 846 841 840 843 842 849 848 689 688 687 686 685 851 691 
966 
73 
333 334 335 336 337 338 339 
1264 
168 129 170 171 172 173 158 159 156 157 155 152 153 150 151 162 138 139 134 135 136 137 130 131 132 133 163 148 161 160 167 165 164 141 140 143 142 145 144 147 146 169 
154 166 174 
72 60 59 58 71 55 61 57 56 62 53 52 
149 
1168 1167 
1265 
521 
834 835 837 838 839 694 698 699 708 707 706 695 696 705 702 704 700 701 697 690 703 692 852 853 850 693 854 845 844 847 846 841 840 843 842 849 848 689 688 687 686 685 851 691 
1264 
836 
178 175 177 176 
818 819 
1171 
684 682 683 680 681 679 
955 
521 
1224 
1212 1222 1213 1214 1215 1216 1217 1210 1211 1199 1198 1197 1196 1194 1193 1192 1191 1190 1218 1219 1175 1174 1177 1170 1173 1172 1179 1178 1209 1208 1203 1202 1201 1200 1207 1206 1205 1204 1188 1189 1223 1180 1181 1182 1183 1184 1185 1186 1187 1221 1220 1169 
435 437 436 438 457 475 474 472 473 458 
1048 
779 
1121 
1058 
917 921 920 922 914 916 918 919 915 907 906 905 904 910 911 912 913 
1289 1288 1290 1294 1293 
54 
248 249 241 242 243 244 245 246 247 1017 259 258 253 252 251 250 257 256 255 254 260 261 
317 320 321 319 318 
1058 
805 804 806 
478 479 481 476 484 
594 589 591 590 593 592 610 611 
396 
72 60 59 58 71 55 61 57 56 62 53 52 
332 329 
779 
397 
330 
1224 
1246 1245 
789 788 783 782 781 787 786 785 784 969 968 800 801 802 792 967 803 798 799 790 791 793 794 795 796 797 978 970 971 972 973 974 975 976 977 
35 51 
465 
489 490 487 471 488 467 466 486 464 463 462 461 460 470 459 469 468 
1046 
947 935 
1230 
909 908 
966 
1248 1241 
28 29 20 21 22 23 24 25 26 27 64 65 66 38 48 49 46 47 44 45 42 43 40 41 68 69 33 31 39 16 19 18 15 32 17 30 37 36 34 77 76 75 74 70 50 78 63 67 
1054 1055 1052 1053 
780 
477 439 485 483 482 480 449 448 443 442 441 440 447 446 445 444 
1259 
1265 
87 88 
7 
789 788 783 782 781 787 786 785 784 969 968 800 801 802 803 967 798 799 790 791 793 794 795 796 797 978 970 971 972 973 974 975 976 977 
218 219 232 230 231 215 216 217 221 220 223 222 225 224 227 226 229 228 233 
1086 
317 320 321 319 318 
342 388 
72 60 59 58 71 55 61 57 56 62 53 52 
966 
330 
266 426 427 431 430 428 429 
424 425 422 423 421 
0 
434 432 433 
1057 1056 
1171 
909 908 
265 264 263 262 
178 175 177 176 
355 354 357 356 351 350 353 400 359 358 382 383 385 379 378 377 376 375 374 373 371 370 343 366 367 346 389 347 386 387 348 349 368 369 380 381 364 365 340 341 360 361 362 363 
266 426 427 431 430 428 429 
1045 1044 1043 1042 
1083 1088 
780 
1078 1079 1075 1072 1071 1070 1077 1076 1074 1064 1066 1067 1061 1062 1063 1080 1068 1069 
1289 1288 1290 1294 1293 
917 921 920 922 914 916 918 919 915 907 906 905 904 910 911 912 913 
435 437 436 438 457 475 474 472 473 458 
1120 
115 98 
834 835 837 838 839 694 698 699 708 707 706 695 696 705 702 704 700 701 697 690 703 1058 692 1112 852 853 850 693 854 845 844 847 846 841 840 843 842 849 848 689 688 687 686 685 851 691 
1159 1162 1098 1099 1094 1095 1096 1097 1090 1091 1092 1093 1102 1103 1100 1101 1160 1161 1104 1163 1087 1085 1082 1166 1089 
209 208 
54 
401 384 
626 
73 
792 
1084 
206 
1049 1051 1023 1022 1021 1027 1026 1025 1024 1029 1028 1030 1050 1047 
1270 
35 51 
352 372 345 344 
1246 1245 
1121 
1269 1278 1277 1164 1165 1291 1268 1271 1273 1263 1262 1261 1260 1279 1276 1282 1275 1281 1274 
640 1059 641 632 633 630 631 629 628 634 635 636 627 639 638 637 
4 1073 2 3 1 
333 334 335 336 337 338 339 1046 
203 202 201 213 207 205 204 210 211 214 212 
82 81 80 79 
822 
180 179 
198 
1264 
90 89 86 85 84 83 91 92 
1258 1249 1257 
102 
424 425 422 423 421 
322 323 326 755 324 325 328 754 120 756 
97 96 95 94 93 128 116 109 100 101 111 110 104 105 106 107 
149 
1267 1272 
267 
28 29 20 21 22 23 24 25 26 27 64 65 66 38 48 49 46 47 44 45 42 43 40 41 68 69 33 31 39 16 19 18 15 32 17 30 37 36 34 77 76 75 74 70 50 78 63 67 
168 1225 129 170 171 172 173 158 159 156 157 155 152 153 150 151 162 138 139 134 135 136 137 130 131 132 133 163 148 161 160 167 165 164 141 140 143 142 145 144 147 146 169 
1248 1241 
99 
7 
496 497 494 495 492 493 491 498 499 513 512 510 517 516 515 514 519 518 500 501 502 503 504 505 506 507 508 509 522 520 
198 
1292 
537 534 532 533 530 531 538 539 572 573 570 571 576 577 574 575 569 578 579 523 525 524 527 526 529 528 583 582 581 585 584 547 544 543 542 541 540 549 548 
1041 
267 
5 6 12 13 11 14 8 9 10 
477 439 485 483 482 480 449 448 443 442 441 440 447 446 445 444 
1239 1238 1228 1229 1247 1231 1235 1233 1232 1226 1227 1237 1234 1244 1242 1243 1236 1240 
315 314 316 311 310 313 312 394 395 287 286 285 289 288 393 306 409 408 420 405 404 406 402 302 303 300 301 307 304 305 308 309 403 1256 390 290 291 292 293 391 295 296 297 298 299 392 399 412 413 410 411 416 417 414 415 294 418 419 
889 888 881 880 883 882 885 884 886 867 866 865 864 863 862 861 860 900 856 902 869 868 873 901 898 899 896 897 894 895 892 893 890 891 857 874 875 876 877 870 871 872 855 858 859 878 879 
407 
236 240 
594 589 591 590 593 592 610 611 
536 535 
200 189 188 185 184 187 186 181 183 182 284 268 269 280 281 282 283 192 193 190 191 196 197 194 195 199 279 278 277 276 275 274 273 272 271 270 
435 437 436 438 457 475 474 472 473 458 
238 234 235 237 
1230 
239 
1060 1065 
1048 
355 354 357 356 351 350 353 400 359 358 382 383 385 379 378 377 376 375 374 373 371 370 343 366 367 346 389 347 386 387 348 349 368 369 380 381 364 365 340 341 360 361 362 363 
1040 622 1031 1039 1033 1032 1036 1034 
553 552 551 550 557 556 555 554 566 567 564 565 588 568 560 561 587 563 562 
489 490 487 471 488 467 466 486 464 463 462 461 460 470 459 469 468 
813 
617 
1266 
930 931 932 933 934 936 937 938 939 748 749 740 741 742 743 744 745 746 923 927 926 925 924 929 928 753 752 751 750 396 612 613 614 596 595 599 598 597 747 609 994 979 982 983 980 981 986 987 984 985 988 989 999 998 995 997 996 991 990 993 992 717 716 714 719 718 965 964 963 962 961 960 1000 723 720 721 726 727 724 725 728 729 958 959 952 953 950 951 956 957 954 945 944 946 941 940 943 942 949 948 739 738 615 735 734 737 736 731 730 733 732 
1081 
1038 1037 1035 
1154 769 768 763 762 761 760 767 766 765 764 757 758 759 778 770 771 772 773 774 775 776 777 
1195 
332 329 331 
465 
586 558 559 
1150 1132 
1176 
248 249 241 242 243 244 245 246 247 1017 259 258 253 252 251 250 257 256 255 254 260 261 
1054 1055 1052 955 1053 
836 
822 
546 545 
1250 1253 1252 
624 625 620 621 623 616 619 618 
1002 1003 1001 1006 1007 1004 1005 821 1008 1009 826 831 830 812 811 810 817 816 815 814 818 819 833 832 1011 1010 1012 808 809 807 827 824 825 823 820 828 829 
947 935 
397 
1280 
478 479 481 476 484 
608 605 604 607 606 601 600 602 
1283 1284 1285 1286 1287 
265 264 263 262 
1224 
649 
1110 1111 1113 1114 1115 1116 1117 1118 1119 1143 1142 1152 1138 1139 1158 1127 1130 1131 1136 1137 1134 1135 1107 1106 1105 1153 1155 1109 1108 1133 1149 1148 1156 1157 1151 1129 1128 1141 1140 1147 1146 1145 1144 1123 1122 1125 1124 1126 
1212 1222 1213 1214 1215 1216 1217 1210 1211 1199 1198 1197 1196 1194 1193 1192 1191 1190 1218 1219 1175 1174 1177 1170 1173 1172 1179 1178 1209 1208 1203 1202 1201 1200 1207 1206 1205 1204 1188 1189 1223 1180 1181 1182 1183 1184 1185 1186 1187 1221 1220 1169 
669 122 123 121 126 127 124 125 676 663 661 660 667 666 665 174 643 642 645 154 647 646 658 664 677 119 118 117 114 113 112 668 644 670 671 672 673 674 675 166 659 656 657 654 655 652 653 650 651 
1015 1014 1016 1013 
722 715 
1168 1167 
398 
713 712 711 710 
805 804 806 
1019 1018 
521 327 
1254 1255 1251 
450 451 452 453 454 455 456 
779 
648 662 678 
603 
684 682 683 680 681 679 
511 
108 103 
903 1020 887 
200 189 188 185 184 187 186 181 183 182 284 268 269 280 281 282 283 192 193 190 191 196 197 194 195 199 279 278 277 276 275 274 273 272 271 270 
1086 
1083 1088 
594 589 591 590 593 592 610 611 
330 
87 88 
1087 1085 1082 
1084 
352 372 345 344 
1112 
102 
5 6 12 13 11 14 8 9 
28 29 20 21 22 23 24 25 26 27 64 65 66 38 48 49 46 47 44 45 42 43 40 41 68 69 33 31 39 16 19 18 15 32 17 30 37 36 34 77 76 75 74 70 50 78 63 67 
1059 
7 
10 
536 
537 534 532 533 530 531 538 539 573 570 571 576 577 574 575 569 578 523 525 524 527 526 529 528 583 582 581 585 584 547 544 543 542 541 540 549 548 
80 
168 129 170 171 172 173 158 159 156 157 155 152 153 150 151 162 138 139 134 135 136 137 130 131 132 133 163 148 161 160 167 165 164 141 140 143 142 145 144 147 146 169 
355 354 357 356 351 350 353 400 359 358 382 383 385 379 378 377 376 375 374 373 371 370 343 366 367 346 389 347 386 387 348 349 368 369 380 381 364 365 340 341 360 361 362 363 
401 384 
1073 
1258 1257 
1230 
1249 
1045 1044 1043 1042 
1079 1078 1072 1071 1070 1077 1076 1074 1064 1066 1067 1061 1062 1063 1080 1068 1069 
154 166 174 
1239 1238 1228 1229 1247 1231 1235 1233 1232 1226 1227 1237 1234 1244 1242 1243 1236 1240 
1225 
115 98 
434 432 433 
1075 
1292 
236 
1270 
180 179 
1280 
1150 1132 
1110 1111 1113 1114 1115 1116 1117 1118 1119 1143 1142 1152 1138 1139 1158 1127 1130 1131 1136 1137 1134 1135 1107 1106 1105 1153 1155 1109 1108 1133 1149 1148 1156 1157 1151 1129 1128 1141 1140 1147 1146 1145 1144 1123 1122 1125 1124 1126 
1120 
617 624 625 620 621 623 616 619 618 
1278 1279 1277 1164 1165 1291 1268 1271 1273 1263 1262 1261 1260 1276 1275 1281 1274 
1269 1282 
0 
1038 1037 1035 
1060 1065 
622 
1283 1284 1285 1286 1287 
1079 1078 1072 1071 1070 1077 1076 1074 1064 1066 1067 1061 1062 1063 1080 1068 1069 
1254 1255 1251 
1250 1253 1252 
333 334 335 336 337 338 339 
1292 
115 98 
73 
352 372 345 344 
401 384 
108 97 96 95 94 93 128 105 109 116 100 101 111 110 104 103 106 107 
821 826 
813 
1266 
102 
722 715 
994 
1258 1249 1257 
747 
713 712 711 710 
397 
1195 
617 
80 
622 
82 81 79 
1015 1014 1016 1013 
1270 
982 983 980 743 986 751 984 985 988 989 981 733 1000 732 987 748 723 720 721 726 727 724 725 740 741 728 729 744 745 746 999 998 749 995 997 996 991 990 993 992 979 750 717 716 714 739 738 735 734 737 736 731 730 719 718 753 752 742 
178 175 177 176 
1176 
624 625 620 621 623 616 619 618 
626 
917 921 920 922 914 916 918 919 915 907 906 905 904 910 911 912 913 
1250 1253 1252 
180 179 
511 
5 6 12 13 11 14 8 9 
1246 1245 
587 560 553 552 551 550 557 556 555 554 566 567 564 565 588 558 559 561 586 568 
537 534 532 533 530 531 538 539 573 570 571 576 577 574 575 569 578 579 523 525 524 527 526 529 528 583 582 581 585 584 547 544 543 542 541 540 549 548 
563 562 
546 545 
572 
1057 1056 
496 497 494 495 492 493 491 498 499 513 512 510 517 516 515 514 519 518 500 501 502 503 504 505 506 507 508 509 522 520 
1283 1284 1285 1286 1287 
87 88 
756 755 754 
1086 
434 432 433 
1083 1088 
90 89 86 85 84 83 91 92 
1081 
1212 1222 1213 1214 1215 1216 1217 1210 1211 1199 1198 1197 1196 1194 1193 1192 1191 1190 1218 1219 1175 1174 1177 1170 1173 1172 1179 1178 1209 1208 1203 1202 1201 1200 1207 1206 1205 1204 1188 1189 1223 1180 1181 1182 1183 1184 1185 1186 1187 1221 1220 1169 
10 
536 
535 
240 
236 
1049 1051 1023 1022 1021 1027 1026 1025 1024 1029 1028 1030 1050 1047 
1254 1255 1251 
1195 
450 451 452 453 454 455 456 
1084 1085 1082 1087 
332 329 
889 888 881 880 883 882 885 884 886 867 866 865 864 863 862 861 860 900 856 902 869 868 873 901 898 899 896 897 894 895 892 893 890 891 857 874 875 876 877 870 871 872 855 858 859 878 879 
1031 
1159 1104 1098 1099 1094 1095 1096 1097 1090 1091 1092 1093 1102 1103 1166 1101 1160 1161 1162 1163 1100 1089 
813 
821 826 
331 
317 320 321 319 318 
1040 1039 1033 1032 1036 1034 
612 613 614 596 595 609 598 599 615 
684 682 683 680 681 679 
267 
4 2 3 1 
99 
90 89 86 85 84 83 91 92 
149 
1041 
769 768 763 762 761 760 767 766 765 764 757 758 759 778 770 771 772 773 774 775 776 777 
1045 1044 1043 1042 
218 219 232 230 231 215 216 217 221 220 223 222 225 224 227 226 229 228 233 
640 641 632 633 630 631 629 628 634 635 636 627 639 638 637 
909 908 
327 
322 323 326 324 325 328 
200 189 188 185 184 187 186 181 183 182 284 268 269 280 281 282 283 192 193 190 191 196 197 194 195 199 279 278 277 276 275 274 273 272 271 270 
198 
649 
597 
496 497 494 495 492 493 491 498 499 513 512 510 517 516 515 514 519 518 500 501 502 503 504 505 506 507 508 509 522 520 
4 2 3 1 
398 
608 605 604 607 606 601 600 602 
580 
889 888 881 880 883 882 885 884 886 867 866 865 864 863 862 861 860 900 856 902 869 868 873 901 898 899 896 897 894 895 892 893 890 891 857 874 875 876 877 870 871 872 855 858 859 878 879 
603 
1112 
403 
315 314 316 311 310 313 312 394 395 287 286 285 289 288 393 306 409 408 420 405 404 406 402 302 303 300 301 307 304 305 308 309 1256 390 290 291 292 293 391 295 296 297 298 299 392 399 412 413 410 411 416 417 414 415 294 418 419 
1267 
1272 
1121 
930 931 932 933 934 936 937 938 939 941 940 943 942 958 959 952 953 950 951 956 957 945 923 944 946 927 926 925 924 929 928 949 948 954 965 964 963 962 961 960 
1266 
342 388 
1075 
1002 1003 1001 1006 1007 1004 1005 1008 1009 812 811 810 817 816 815 814 831 830 833 832 1011 1010 1012 808 809 807 827 824 825 823 820 828 829 
1171 
1289 1288 1290 1294 1293 
407 
756 755 754 
238 239 234 235 
1239 1238 1228 1229 1247 1231 1235 1233 1232 1226 1227 1237 1234 1244 1242 1243 1236 1240 
108 103 
1073 
237 
1280 
1002 1003 1001 1006 1007 1004 1005 1008 1009 812 811 810 817 816 815 814 831 830 833 832 1011 1010 1012 808 809 807 827 824 825 823 820 828 829 
822 
818 819 
265 264 263 262 
