0 61 317 331 432 433 434 785 787 790 794 796 799 800 969 975 
1 2 3 4 
1 2 3 
1 4 519 
5 6 9 10 11 12 13 14 
5 6 10 11 12 13 555 
7 216 226 553 593 807 810 823 827 855 864 866 873 877 879 884 885 886 893 895 896 
8 9 10 11 12 13 14 
5 8 9 10 11 12 13 14 
5 6 8 9 10 11 12 13 14 
15 16 17 18 19 20 22 24 25 26 27 28 29 30 31 32 33 34 35 37 39 40 41 42 44 45 46 47 48 50 51 75 76 77 78 521 
15 16 17 18 20 22 23 24 25 26 27 28 29 30 31 32 33 34 35 36 37 38 39 40 41 42 43 44 45 46 47 48 49 50 51 65 67 74 77 78 
15 16 17 18 19 22 24 25 26 27 28 29 30 31 32 33 34 35 37 38 39 40 41 42 43 44 45 47 48 49 50 75 76 521 
15 17 18 19 21 22 26 30 31 32 33 34 35 38 39 40 41 42 43 44 45 47 49 50 340 341 342 344 345 349 351 355 356 357 360 361 362 363 364 366 367 371 375 381 384 388 521 1272 1274 
15 16 17 20 21 22 23 24 25 26 27 28 29 30 31 32 34 35 37 38 39 41 43 44 45 46 47 49 50 51 64 65 67 74 77 78 
19 20 21 40 51 1260 1262 1263 1268 1269 1271 1282 
15 16 17 18 19 20 22 23 24 25 26 27 28 29 30 31 32 33 34 35 37 38 39 40 41 42 43 44 45 46 47 48 49 50 51 63 65 67 74 77 78 521 
16 20 22 23 24 25 26 27 28 29 32 35 36 37 38 43 44 45 46 49 51 65 67 74 75 76 77 78 
15 16 17 18 19 20 22 23 24 25 26 27 28 29 30 31 32 33 34 35 36 37 38 39 40 41 42 43 44 45 46 47 48 49 50 51 65 67 74 77 78 521 
15 16 17 18 19 20 22 23 24 25 26 27 28 29 30 31 32 33 34 35 37 38 39 40 41 42 43 44 45 47 48 49 50 51 65 67 74 77 78 238 239 432 521 
15 16 17 18 19 22 24 25 26 27 28 29 30 31 32 33 34 35 37 39 40 41 42 44 45 47 48 50 75 76 521 
15 16 17 18 19 20 22 23 24 25 26 27 28 29 30 31 32 33 34 35 36 37 38 39 40 41 42 43 44 45 46 47 48 49 50 51 65 67 74 77 78 238 239 432 521 
16 23 24 25 26 27 28 29 35 36 37 38 43 44 45 46 49 51 64 65 67 77 78 
15 16 17 18 20 22 23 24 25 26 27 28 29 30 31 32 33 34 35 36 37 38 39 40 41 42 43 44 45 46 47 48 49 50 51 65 67 74 77 78 238 239 432 
16 18 19 20 22 23 24 25 26 27 28 29 32 35 36 37 38 40 42 43 44 45 46 49 51 65 67 74 77 78 
15 16 17 18 19 21 22 24 25 26 27 28 29 30 31 32 33 34 35 37 38 39 40 41 42 43 44 45 47 48 49 50 521 
15 16 17 20 22 23 24 25 26 27 28 29 30 31 34 35 36 37 38 39 41 43 44 45 46 47 49 50 51 64 65 67 77 78 
15 16 17 18 22 24 25 26 27 28 29 30 31 32 33 34 35 37 39 40 41 42 44 45 47 48 50 75 76 
15 16 17 20 21 22 23 24 25 26 27 28 29 30 31 32 34 35 36 37 38 39 41 43 44 45 46 47 49 50 51 65 67 74 77 78 
52 53 54 57 60 62 175 176 177 178 714 716 717 719 721 723 724 725 731 734 735 739 740 744 747 749 750 751 753 1048 1245 1246 
52 53 54 57 60 62 754 
52 53 54 57 60 62 
55 56 58 64 72 
55 56 58 59 64 
55 56 58 59 61 72 
56 58 59 71 
0 58 61 73 317 331 432 433 434 785 787 790 794 796 799 800 969 975 
22 63 66 68 69 70 74 75 76 95 97 116 343 360 364 
20 36 46 55 56 64 
16 20 22 23 24 25 26 27 28 29 32 35 36 37 38 43 44 45 46 49 51 65 66 67 68 69 70 74 77 78 609 612 613 615 1063 1064 1252 1261 1274 1276 1277 1278 1279 
63 65 66 68 69 70 74 75 76 
16 20 22 23 24 25 26 27 28 29 32 35 36 37 38 43 44 45 46 49 51 65 67 74 77 78 609 612 613 615 1063 1064 1252 1261 1274 1276 1277 1278 1279 
59 71 72 73 
55 58 71 72 73 422 423 424 425 601 602 
61 71 72 73 
16 20 22 23 24 25 26 27 28 29 32 35 37 38 43 44 45 49 51 63 65 66 67 68 69 70 74 75 76 77 78 
15 17 18 23 30 31 33 34 39 41 42 47 48 50 63 66 68 69 70 74 75 76 
15 16 17 20 22 23 24 25 26 27 28 29 30 31 32 34 35 36 37 38 39 41 43 44 45 46 47 49 50 51 65 67 74 77 78 
79 340 341 349 350 351 352 355 365 366 367 368 369 371 372 373 375 376 377 378 379 382 383 384 385 600 601 602 603 604 605 607 1283 1284 1286 
80 81 82 205 213 
83 84 87 88 89 90 91 
83 84 86 87 88 89 90 91 
85 86 87 88 89 90 
84 85 86 89 90 92 
83 84 85 87 88 91 526 529 530 532 535 536 537 542 543 544 
83 84 85 86 89 90 91 92 
86 89 90 92 
93 94 95 96 97 98 100 101 102 103 104 105 106 107 108 109 110 116 128 202 212 1052 
63 93 94 95 97 98 100 101 103 104 105 106 107 108 109 112 114 115 116 117 119 120 121 122 123 124 125 127 128 201 205 207 210 211 213 266 267 343 360 364 1111 
93 94 96 100 101 102 103 105 107 108 110 116 128 358 
63 93 94 95 97 98 100 101 103 104 105 106 107 108 109 116 128 204 206 212 238 239 343 360 364 
93 94 95 97 98 100 101 103 104 105 106 107 108 109 112 114 115 116 117 119 120 121 122 123 124 125 127 128 201 205 207 210 211 213 266 267 1111 
99 204 
93 94 95 96 97 98 100 101 103 104 105 106 107 108 109 116 128 204 206 212 
93 94 95 96 97 98 100 101 103 104 105 106 107 108 109 116 128 204 206 212 238 239 
93 94 96 102 105 106 109 110 111 128 
93 94 95 96 97 98 100 101 103 104 105 106 107 108 109 116 128 
93 94 95 96 97 98 100 101 102 103 104 105 106 107 108 109 110 111 116 128 
93 94 95 97 98 100 101 102 103 104 105 106 107 108 109 110 111 112 114 115 116 117 119 120 121 122 123 124 125 127 128 
93 94 95 96 97 98 100 101 103 104 105 106 107 108 109 116 128 202 238 239 1052 
102 105 106 109 110 111 
95 98 104 106 109 112 114 115 117 119 120 121 122 123 124 125 126 127 128 
113 114 120 121 122 123 124 125 127 
95 98 104 106 109 112 113 114 115 117 119 120 121 122 123 124 125 126 127 128 
95 98 104 106 109 112 114 115 117 119 120 121 122 123 124 125 127 128 201 205 207 210 211 213 266 267 1111 
63 93 94 95 96 97 98 100 101 103 104 105 106 107 108 109 116 128 202 343 360 364 1052 
95 98 104 106 109 112 114 115 117 118 119 120 121 122 123 124 125 127 128 
117 118 119 
95 98 104 106 109 112 113 114 115 117 119 120 121 122 123 124 125 127 128 
112 114 121 122 123 124 125 126 127 309 
93 94 95 96 97 98 100 101 102 103 104 105 106 107 108 109 110 112 114 115 116 117 119 120 121 122 123 124 125 127 128 201 205 207 210 211 213 266 267 1111 
129 131 132 134 136 137 142 143 144 145 146 147 148 149 152 154 155 157 158 159 160 166 167 169 171 174 685 1032 
130 131 133 134 135 136 137 138 139 140 141 143 146 147 150 151 154 155 157 158 160 162 164 166 167 168 169 171 172 173 174 859 1031 
129 130 131 133 134 135 136 859 
129 132 135 137 143 146 148 152 154 155 157 158 159 160 161 166 167 169 171 174 1032 
130 131 133 134 135 136 137 138 139 140 141 143 146 147 150 151 154 155 157 158 160 162 164 166 167 168 169 171 172 173 174 186 188 189 191 193 194 196 200 460 466 467 521 555 560 561 564 859 1048 
129 130 131 133 134 135 136 137 138 139 140 141 142 143 144 145 146 147 148 150 151 155 157 158 160 162 164 167 168 169 171 172 173 859 
130 131 132 133 134 135 136 137 138 139 140 141 151 154 157 158 160 161 162 164 166 167 168 169 171 172 173 174 186 188 189 191 193 194 196 200 460 466 467 521 555 560 561 564 859 1031 1048 
129 130 131 133 134 135 136 137 138 139 140 141 148 151 154 157 158 160 162 164 166 167 168 169 171 172 173 174 859 1031 
129 130 132 133 134 135 136 137 138 139 140 141 142 143 144 145 146 147 148 149 150 151 152 153 154 155 156 157 158 159 160 161 162 163 164 165 166 167 168 169 170 171 172 173 174 1032 
130 133 134 135 136 137 138 139 140 141 142 143 144 145 146 147 148 150 151 152 153 154 155 156 157 158 159 160 161 162 163 164 165 166 167 168 169 170 171 172 173 174 
130 133 134 135 136 137 138 139 140 141 142 143 144 145 146 147 148 149 150 151 152 153 154 155 156 157 158 159 160 161 162 163 164 165 166 167 168 169 170 171 172 173 174 
129 134 137 138 139 140 141 142 143 144 145 146 147 148 151 154 155 157 158 160 161 162 164 166 167 168 169 171 172 173 174 
129 130 132 133 134 137 138 139 140 141 142 143 144 145 146 147 148 149 150 151 152 154 155 157 158 159 160 161 162 164 166 167 168 169 171 172 173 174 1032 
129 134 137 138 139 140 141 142 143 144 145 146 147 148 149 150 151 154 155 157 158 160 161 162 164 166 167 168 169 171 172 173 174 
129 130 133 134 137 138 139 140 141 142 143 144 145 146 147 148 150 151 154 155 157 158 160 161 162 164 166 167 168 169 171 172 173 174 
129 132 134 136 137 138 139 140 141 142 143 144 145 146 147 148 149 151 152 154 155 157 158 159 160 161 162 164 166 167 168 169 171 172 173 174 1032 
129 137 140 143 144 145 146 148 149 150 152 153 155 156 157 158 159 160 163 165 167 169 170 171 
130 133 134 137 138 139 140 141 143 144 145 146 147 149 150 151 152 153 154 155 156 157 158 159 160 161 162 163 164 165 166 167 168 169 170 171 172 173 174 
129 132 137 138 139 140 141 143 146 148 149 150 151 152 153 154 155 156 157 158 159 160 161 162 163 164 165 166 167 168 169 170 171 172 173 174 1032 
137 138 139 140 141 149 150 151 152 153 154 156 158 159 160 161 162 163 164 165 166 167 168 170 171 172 173 174 
129 130 132 133 135 136 137 138 139 140 141 142 143 144 145 146 147 148 150 151 152 153 154 155 156 157 158 159 160 161 162 163 164 165 166 167 168 169 170 171 172 173 174 1032 
129 130 132 133 134 135 136 137 138 139 140 141 142 143 144 145 146 147 148 149 150 151 152 154 155 157 158 159 160 161 162 164 166 167 168 169 171 172 173 174 1032 
132 135 137 138 139 140 141 142 143 144 145 146 147 148 150 151 152 153 154 155 156 157 158 159 160 161 162 163 164 165 166 167 168 169 170 171 172 173 174 
130 133 134 135 136 137 138 139 140 141 142 143 144 145 146 147 148 150 151 152 153 154 155 156 157 158 159 160 161 162 163 164 165 166 167 168 169 170 171 172 173 174 834 839 840 842 847 848 852 854 
52 175 176 177 178 714 716 717 719 721 723 724 725 731 734 735 739 740 744 747 749 750 751 753 1048 1245 1246 
52 175 176 177 178 432 433 434 714 716 717 719 721 723 724 725 731 734 735 739 740 744 747 749 750 751 753 1048 1245 1246 
179 180 
181 185 186 188 189 190 191 193 194 195 196 197 199 200 270 278 279 280 281 282 283 
182 183 184 185 268 269 270 272 277 329 332 464 468 533 568 755 756 
182 183 184 185 186 188 189 197 198 274 275 276 277 278 279 280 282 283 284 329 332 464 568 
181 182 183 184 185 186 187 188 189 190 191 193 194 195 196 197 198 199 200 
133 135 181 184 185 186 188 189 191 193 194 196 197 199 200 460 466 467 521 555 560 561 564 1048 
185 187 190 195 198 
133 135 181 184 185 186 188 189 191 193 194 196 197 199 200 460 466 467 521 555 560 561 564 813 1048 
181 185 187 190 195 198 
133 135 181 185 186 188 189 191 192 193 194 196 197 199 200 270 278 279 280 281 282 283 460 466 467 521 555 560 561 564 1048 
191 192 193 194 196 199 200 461 462 463 471 496 
181 184 185 186 188 189 191 193 194 196 197 198 199 200 
184 185 187 190 195 197 198 231 289 290 688 692 
181 185 186 188 189 191 192 193 194 196 197 199 200 381 461 462 463 471 496 550 
133 135 181 185 186 188 189 191 192 193 194 196 197 199 200 460 466 467 521 555 560 561 564 1048 
95 98 104 115 128 201 204 205 207 208 209 210 211 212 213 266 267 1111 
93 94 107 116 202 204 206 211 1052 
203 208 
97 99 100 101 201 202 204 206 207 209 210 211 212 213 
80 81 82 95 98 104 115 128 201 205 207 209 210 211 212 213 266 267 1111 1265 
97 100 101 202 204 206 211 212 
95 98 104 115 128 201 204 205 207 209 210 211 212 213 266 267 1111 
201 203 208 211 
201 204 205 207 209 210 211 212 213 1034 1035 1038 1039 1040 
95 98 104 115 128 201 204 205 207 209 210 211 212 213 266 267 730 733 736 741 1111 
95 98 104 115 128 201 202 204 205 206 207 208 209 210 211 212 213 266 267 1111 
93 94 97 100 101 201 204 205 206 207 209 210 211 212 213 1034 1035 1038 1039 1040 
80 81 82 95 98 104 115 128 201 204 205 207 209 210 211 212 213 266 267 428 429 1111 
214 
215 217 223 224 225 226 227 228 229 230 232 233 958 
7 216 217 218 219 220 221 222 223 225 226 228 231 232 553 593 807 810 823 827 855 864 866 873 877 879 884 885 886 893 895 896 
215 216 217 218 219 220 221 222 223 224 225 227 228 230 231 232 450 452 454 461 464 469 958 
216 217 218 219 220 221 222 450 452 454 461 464 469 781 
216 217 218 219 220 221 222 223 225 228 231 232 450 452 454 461 464 469 781 
216 217 218 219 220 221 222 227 231 233 
215 216 217 219 220 221 223 224 225 226 227 228 229 230 232 233 958 
7 215 216 223 224 225 226 227 228 229 230 232 233 553 593 807 810 823 827 855 864 866 873 877 879 884 885 886 893 895 896 
215 217 222 223 224 225 226 227 228 229 230 232 233 958 
215 223 224 225 226 227 228 229 230 232 780 788 801 802 
198 216 217 219 220 221 222 231 
215 222 223 224 225 226 227 228 230 232 233 
234 235 236 237 238 239 240 
234 235 236 237 238 239 240 560 561 
32 35 37 44 45 97 101 107 234 235 236 237 238 239 240 432 
32 35 37 44 45 97 101 107 234 235 236 237 238 239 432 
234 235 236 237 238 240 
241 242 244 245 247 249 250 251 254 255 256 257 260 261 595 596 597 598 1229 
241 242 244 245 247 248 249 250 251 254 255 256 257 260 261 337 338 589 590 591 594 906 1289 1290 
243 246 248 252 253 259 908 909 
241 242 244 245 247 249 250 251 254 255 256 257 258 260 261 906 
242 243 244 246 247 248 249 250 252 253 255 256 257 259 260 337 338 589 590 591 594 908 909 1289 1290 
241 242 244 245 247 249 250 251 254 255 256 257 258 260 261 
243 246 248 252 253 259 888 890 908 909 
241 242 244 245 247 248 249 250 251 254 255 256 257 260 261 337 338 589 590 591 594 906 1249 1289 1290 
245 251 254 258 1017 
241 242 244 245 247 249 250 251 254 255 256 257 260 261 
262 264 265 
263 264 
262 263 264 265 
95 98 104 115 128 201 205 207 210 211 213 266 267 492 494 496 501 502 505 506 507 510 513 514 520 522 1032 1033 1036 1037 1111 
95 98 104 115 128 201 205 207 210 211 213 266 267 428 429 1111 
182 183 268 269 270 272 274 277 278 279 280 281 282 283 284 
181 182 183 191 193 194 196 268 269 270 271 272 273 275 276 277 278 279 280 281 282 283 284 
270 271 273 274 275 276 278 279 280 283 284 
182 183 268 269 270 272 275 276 277 
184 268 269 271 273 274 275 276 278 279 280 281 282 283 284 
184 270 271 272 273 274 275 276 278 279 280 282 283 284 
182 183 184 268 269 270 272 277 329 332 464 492 521 523 524 525 526 527 528 530 531 532 534 535 536 537 538 539 540 541 543 544 545 546 547 548 549 568 569 570 571 572 573 574 575 576 577 578 579 581 582 583 584 585 710 711 712 713 
181 184 191 193 194 196 268 269 270 271 273 274 275 276 278 279 280 281 282 283 284 
181 191 193 194 196 268 269 270 274 278 279 280 281 282 283 284 
181 184 191 193 194 196 268 269 270 274 275 276 278 279 280 281 282 283 284 
184 268 269 270 271 273 274 275 276 278 279 280 281 282 283 284 
285 286 287 288 289 290 291 293 294 295 296 297 298 300 301 302 303 304 305 308 309 310 311 312 313 315 333 334 335 336 337 396 397 398 402 403 404 405 406 407 408 409 410 411 412 413 414 416 417 418 419 420 
285 286 287 288 289 290 291 293 294 295 296 297 298 300 301 302 303 304 305 308 309 310 311 312 313 315 396 397 398 402 403 404 405 406 407 408 409 410 411 412 413 414 416 417 418 419 420 
285 286 287 288 289 290 291 293 294 295 296 297 298 300 301 302 303 304 305 308 309 310 311 312 313 315 396 397 398 402 403 404 405 406 407 408 409 410 411 412 413 414 416 417 418 419 420 1041 
285 286 287 288 289 290 291 292 293 294 295 296 298 300 301 302 303 304 305 308 309 310 311 312 313 315 396 397 398 402 403 404 405 406 407 408 409 410 411 412 413 414 416 417 418 419 420 
198 285 286 287 288 289 290 291 292 293 294 295 296 298 300 301 302 303 304 305 308 309 310 311 312 313 315 396 397 398 402 403 404 405 406 407 408 409 410 411 412 413 414 416 417 418 419 420 688 692 
288 289 290 291 292 293 294 295 296 297 298 303 312 313 315 320 321 402 404 856 857 858 861 862 865 867 869 870 871 874 875 876 881 882 883 889 891 892 898 899 900 901 902 1041 1042 1043 1044 
285 286 287 288 289 290 291 292 293 294 295 296 298 300 301 302 303 304 305 308 309 311 312 313 315 396 397 402 403 404 405 406 407 408 409 410 411 412 413 414 416 417 418 419 420 
285 286 287 288 289 290 291 292 293 294 295 296 297 298 300 301 302 303 304 305 308 309 311 312 313 315 320 321 396 397 402 403 404 405 406 407 408 409 410 411 412 413 414 416 417 418 419 420 817 824 829 856 857 858 861 862 865 867 869 870 871 874 875 876 881 882 883 889 891 892 898 899 900 901 902 1041 1042 1043 1044 
285 286 287 288 289 290 291 292 293 294 295 296 297 298 300 301 302 303 304 305 308 309 311 312 313 315 396 397 402 403 404 405 406 407 408 409 410 411 412 413 414 416 417 418 419 420 1041 
285 286 287 288 289 290 291 292 293 294 295 296 297 298 300 301 302 303 304 305 307 309 311 312 313 315 320 321 402 403 404 405 406 407 408 409 411 412 413 414 416 417 418 419 420 856 857 858 861 862 865 867 869 870 871 874 875 876 881 882 883 889 891 892 898 899 900 901 902 1041 1042 1043 1044 
285 286 287 292 294 295 296 297 298 303 309 312 313 320 321 410 856 857 858 861 862 865 867 869 870 871 874 875 876 881 882 883 889 891 892 898 899 900 901 902 1041 1042 1043 1044 
285 286 287 288 289 290 291 292 293 294 295 296 297 298 300 301 302 303 304 305 308 309 311 312 313 315 320 321 396 397 402 403 404 405 406 407 408 409 410 411 412 413 414 415 416 417 418 419 420 438 811 856 857 858 861 862 865 867 869 870 871 874 875 876 881 882 883 889 891 892 898 899 900 901 902 1041 1042 1043 1044 
299 340 341 343 349 355 356 357 358 360 364 366 681 1268 1269 1271 1282 
285 286 287 288 289 290 291 293 294 295 296 298 300 301 302 303 304 305 308 309 310 311 312 313 315 334 335 336 337 396 397 398 402 403 404 405 406 407 408 409 410 411 412 413 414 416 417 418 419 420 
285 286 287 288 289 290 291 292 293 294 295 296 297 298 300 301 302 303 304 305 308 309 311 312 313 315 320 321 334 335 336 337 396 397 402 403 404 405 406 407 408 409 410 411 412 413 414 416 417 418 419 420 856 857 858 861 862 865 867 869 870 871 874 875 876 881 882 883 889 891 892 898 899 900 901 902 1041 1042 1043 1044 
285 286 287 288 289 290 291 293 294 295 296 298 300 301 302 303 304 305 308 309 310 311 312 313 315 335 336 339 396 397 398 402 403 404 405 406 407 408 409 410 411 412 413 414 416 417 418 419 420 
306 1256 
296 307 311 312 313 314 415 417 
285 286 287 288 289 290 291 293 294 295 298 300 301 302 303 304 305 308 309 310 311 312 313 333 334 335 336 337 338 396 397 398 410 
126 285 286 287 288 289 290 291 293 294 295 296 297 298 300 301 302 303 304 305 308 309 310 311 312 313 315 396 397 398 402 403 404 405 406 407 408 409 410 411 412 413 414 416 417 418 419 420 
285 286 287 288 289 290 291 300 301 302 304 305 308 309 310 333 334 335 336 337 338 397 398 410 
285 286 287 288 289 290 291 293 294 295 296 298 300 301 302 303 304 305 307 308 309 311 312 313 315 334 335 336 337 396 397 402 403 404 405 406 407 408 409 410 411 412 413 414 416 417 418 419 420 808 809 811 813 814 815 816 817 824 828 829 831 832 
285 286 287 288 289 290 291 292 293 294 295 296 297 298 300 301 302 303 304 305 307 308 309 311 312 313 315 320 321 333 334 335 336 337 396 397 402 403 404 405 406 407 408 409 410 411 412 413 414 416 417 418 419 420 856 857 858 861 862 865 867 869 870 871 874 875 876 881 882 883 889 891 892 898 899 900 901 902 1041 1042 1043 1044 
307 314 406 414 415 416 419 
285 286 287 288 289 290 291 292 293 294 295 296 298 300 301 302 303 304 305 309 311 312 313 315 402 403 404 405 406 407 408 409 411 412 413 414 416 417 418 419 420 
316 
0 61 317 320 321 331 338 432 433 434 785 787 790 794 796 799 800 969 975 1289 1290 
318 319 
292 294 296 297 298 303 312 313 317 320 321 686 689 856 857 858 861 862 865 867 869 870 871 874 875 876 881 882 883 889 891 892 898 899 900 901 902 1041 1042 1043 1044 
322 323 324 325 326 328 780 781 782 783 786 788 789 791 792 793 798 801 802 803 1099 1100 1104 1215 
322 323 324 325 326 328 780 781 782 783 786 788 789 791 792 793 798 801 802 803 1030 1099 1100 1104 1215 
322 323 324 325 326 328 444 446 449 780 781 782 783 786 788 789 791 792 793 798 801 802 803 1030 1099 1100 1104 1215 
327 
322 323 324 325 326 328 439 442 445 447 780 781 782 783 786 788 789 791 792 793 798 801 802 803 1099 1100 1104 1215 
182 183 184 277 329 330 331 332 378 397 461 464 469 550 556 557 558 559 565 568 830 1023 1025 1027 1029 1288 
329 330 331 332 397 468 550 552 553 556 557 558 559 565 567 690 704 830 
0 61 317 329 330 331 332 432 433 434 468 550 552 553 556 557 558 559 565 567 690 704 785 787 790 794 796 799 800 969 975 
182 183 184 277 329 330 331 332 397 461 464 469 550 556 557 558 559 565 568 830 1023 1025 1027 1029 1288 
285 308 310 312 313 333 334 335 336 337 338 339 
285 300 301 302 303 308 310 311 312 313 333 334 335 336 337 338 339 
285 300 301 302 303 304 305 308 310 311 312 313 333 334 335 336 337 338 
242 244 247 248 249 250 255 256 257 260 285 300 301 302 303 308 310 311 312 313 333 334 335 336 337 338 339 589 590 591 594 1289 1290 
242 244 247 248 249 250 255 256 257 260 308 310 317 333 334 335 336 337 338 433 434 589 590 591 594 1289 1290 
304 305 333 334 337 339 
19 79 299 340 341 342 343 344 345 349 350 351 352 353 354 355 356 357 360 361 362 363 364 365 366 367 368 369 371 372 373 375 376 377 378 379 380 381 382 383 384 385 388 389 600 601 602 603 604 605 607 608 1272 1274 1276 1277 1278 1279 1283 1284 1286 
19 340 341 342 343 344 345 349 351 353 355 356 357 360 361 362 363 364 366 367 371 375 381 384 388 389 683 1260 1272 1274 
63 95 97 116 299 340 341 342 343 344 345 349 350 351 353 354 355 356 357 358 360 361 363 364 366 367 368 369 372 373 375 376 378 379 380 381 382 383 384 385 388 389 601 602 604 608 681 1260 1268 1269 1271 1276 1277 1278 1279 1282 
19 340 341 342 343 344 345 348 349 351 353 355 356 357 360 361 362 363 364 366 367 371 375 381 384 388 389 606 1084 1260 1272 1274 
346 347 350 352 365 370 372 374 377 378 380 387 1082 1261 
346 347 350 352 365 370 372 373 374 376 377 378 379 380 382 383 385 1082 1261 
344 345 348 349 606 1084 
19 79 299 340 341 342 343 344 345 348 349 350 351 352 353 354 355 356 357 358 360 361 362 363 364 365 366 367 368 369 371 372 373 375 376 377 378 379 380 381 382 383 384 385 388 389 600 601 602 603 604 605 607 608 1084 1272 1274 1276 1277 1278 1279 1283 1284 1286 
79 340 341 343 346 347 349 350 351 352 353 354 355 356 357 360 361 364 365 366 367 368 369 370 371 372 373 374 375 376 377 378 379 380 382 383 384 385 389 600 601 602 603 604 605 607 608 1261 1276 1277 1278 1279 1283 1284 1286 
19 79 340 341 342 343 344 345 349 350 351 352 353 354 355 356 357 360 361 362 363 364 365 366 367 368 369 371 372 373 375 376 377 378 379 380 381 382 383 384 385 388 389 600 601 602 603 604 605 607 608 1260 1265 1272 1274 1276 1277 1278 1279 1283 1284 1286 
79 340 341 346 347 349 350 351 352 355 358 365 366 367 368 369 370 371 372 373 374 375 376 377 378 379 380 382 383 384 385 600 601 602 603 604 605 607 1261 1283 1284 1286 
340 341 342 343 344 345 349 350 351 353 354 355 356 357 358 360 361 363 364 366 367 368 369 372 373 375 376 378 379 380 381 382 383 384 385 388 389 601 602 604 608 1260 1276 1277 1278 1279 
340 341 343 349 350 351 353 354 355 356 357 358 360 361 364 366 367 368 369 372 373 375 376 378 379 380 382 383 384 385 389 601 602 604 608 1269 1274 1276 1277 1278 1279 
19 79 299 340 341 342 343 344 345 349 350 351 352 353 354 355 356 357 358 360 361 362 363 364 365 366 367 368 369 371 372 373 375 376 377 378 379 380 381 382 383 384 385 388 389 600 601 602 603 604 605 607 608 1272 1274 1276 1277 1278 1279 1283 1284 1286 
19 299 340 341 342 343 344 345 349 350 351 353 354 355 356 357 358 360 361 362 363 364 366 367 368 369 371 372 373 375 376 378 379 380 381 382 383 384 385 388 389 601 602 604 608 681 1268 1269 1271 1272 1274 1276 1277 1278 1279 1282 
96 299 343 349 352 353 354 355 356 357 358 360 363 364 366 389 681 1268 1269 1271 1282 
359 365 380 400 1083 1085 1270 
19 63 95 97 116 299 340 341 342 343 344 345 349 350 351 353 354 355 356 357 358 360 361 362 363 364 366 367 368 369 371 372 373 375 376 378 379 380 381 382 383 384 385 388 389 601 602 604 608 681 1260 1268 1269 1271 1272 1274 1276 1277 1278 1279 1282 
19 340 341 342 343 344 345 349 350 351 353 354 355 356 357 360 361 362 363 364 366 367 368 369 371 372 373 375 376 378 379 380 381 382 383 384 385 388 389 601 602 604 608 1260 1265 1272 1274 1276 1277 1278 1279 
19 340 341 342 344 345 349 351 355 356 357 360 361 362 363 364 366 367 371 375 381 384 388 683 1272 1274 
19 340 341 342 343 344 345 349 351 353 355 356 357 358 360 361 362 363 364 366 367 371 375 381 384 388 389 683 1260 1272 1274 
19 63 95 97 116 299 340 341 342 343 344 345 349 350 351 353 354 355 356 357 358 360 361 362 363 364 366 367 368 369 371 372 373 375 376 378 379 380 381 382 383 384 385 388 389 601 602 604 608 681 1268 1269 1271 1272 1274 1276 1277 1278 1279 1282 
79 340 341 346 347 349 350 351 352 355 359 365 366 367 368 369 370 371 372 373 374 375 376 377 378 379 380 382 383 384 385 400 600 601 602 603 604 605 607 1261 1270 1283 1284 1286 
19 79 299 340 341 342 343 344 345 349 350 351 352 353 354 355 356 357 358 360 361 362 363 364 365 366 367 368 369 371 372 373 375 376 377 378 379 380 381 382 383 384 385 388 389 600 601 602 603 604 605 607 608 681 1260 1268 1269 1271 1272 1274 1276 1277 1278 1279 1282 1283 1284 1286 
19 79 340 341 342 343 344 345 349 350 351 352 353 354 355 356 357 360 361 362 363 364 365 366 367 368 369 371 372 373 375 376 377 378 379 380 381 382 383 384 385 388 389 600 601 602 603 604 605 607 608 1260 1272 1274 1276 1277 1278 1279 1283 1284 1286 
79 340 341 343 349 350 351 352 353 354 355 356 357 360 361 364 365 366 367 368 369 371 372 373 375 376 377 378 379 380 382 383 384 385 386 389 600 601 602 603 604 605 607 608 1276 1277 1278 1279 1283 1284 1286 
346 347 350 352 365 370 372 373 374 376 377 378 379 380 382 383 385 386 387 401 1261 
19 79 340 341 342 344 345 349 350 351 352 355 356 357 360 361 362 363 364 365 366 367 368 369 371 372 373 375 376 377 378 379 381 382 383 384 385 388 600 601 602 603 604 605 607 1272 1274 1283 1284 1286 
79 340 341 343 346 347 349 350 351 352 353 354 355 356 357 360 361 364 365 366 367 368 369 370 371 372 373 374 375 376 377 378 379 380 382 383 384 385 389 600 601 602 603 604 605 607 608 1086 1088 1261 1276 1277 1278 1279 1283 1284 1286 
79 340 341 343 347 349 350 351 352 353 354 355 356 357 360 361 364 365 366 367 368 369 370 371 372 373 374 375 376 377 378 379 380 382 383 384 385 386 389 600 601 602 603 604 605 607 608 1276 1277 1278 1279 1283 1284 1286 
79 340 341 346 347 349 350 351 352 355 365 366 367 368 369 370 371 372 373 374 375 376 377 378 379 380 382 383 384 385 386 387 401 600 601 602 603 604 605 607 1261 1283 1284 1286 
79 329 340 341 343 346 347 349 350 351 352 353 354 355 356 357 360 361 364 365 366 367 368 369 370 371 372 373 374 375 376 377 378 379 380 382 383 384 385 387 389 600 601 602 603 604 605 607 608 1261 1276 1277 1278 1279 1283 1284 1286 
340 341 343 346 347 349 350 351 352 353 354 355 356 357 359 360 361 364 365 366 367 368 369 370 372 373 374 375 376 377 378 379 380 382 383 384 385 389 400 601 602 604 608 1083 1085 1261 1270 1276 1277 1278 1279 1288 
19 199 340 341 342 343 344 345 349 351 353 355 356 357 360 361 362 363 364 366 367 371 375 381 384 388 389 1260 1272 1274 
19 79 340 341 342 343 344 345 349 350 351 352 353 354 355 356 357 360 361 362 363 364 365 366 367 368 369 371 372 373 375 376 377 378 379 380 381 382 383 384 385 388 389 600 601 602 603 604 605 607 608 1272 1274 1276 1277 1278 1279 1283 1284 1286 
368 369 370 373 374 376 377 379 382 383 385 386 387 401 
346 370 374 377 378 386 387 401 1281 
390 391 392 393 394 395 399 1267 
390 391 392 399 1267 
390 392 393 394 395 396 399 
285 286 287 288 289 290 291 293 294 295 298 300 301 302 303 304 305 308 309 311 312 313 393 394 395 396 397 410 
285 286 287 288 289 290 291 293 294 295 298 300 301 302 303 304 305 308 309 310 311 312 313 329 330 332 396 397 398 410 830 
285 286 287 288 289 290 291 300 301 302 304 305 308 309 310 397 398 410 
359 365 380 400 401 1270 
370 374 377 386 387 400 401 
285 286 287 288 289 290 291 293 294 295 296 298 300 301 302 303 304 305 309 311 312 313 315 402 403 404 405 406 407 408 409 411 412 413 414 416 417 418 419 420 
285 286 287 288 289 290 291 293 294 295 296 298 300 301 302 303 304 305 309 311 312 313 314 315 402 403 404 405 406 407 408 409 411 412 413 414 415 416 417 418 419 420 
285 286 287 288 289 290 291 293 294 295 297 298 300 301 302 303 304 305 308 309 310 311 312 313 396 397 398 410 415 438 521 811 
298 307 314 406 410 414 415 416 419 438 521 811 
285 286 287 288 289 290 291 293 294 295 296 298 300 301 302 303 304 305 307 309 311 312 313 315 402 403 404 405 406 407 408 409 411 412 413 414 416 417 418 419 420 
421 422 423 424 425 906 
72 421 422 423 424 425 601 602 
426 427 428 429 430 1046 
426 427 428 429 430 
213 267 426 427 428 429 430 
426 427 428 429 430 431 
430 431 
0 32 35 37 44 45 61 177 238 239 317 331 432 433 434 785 787 790 794 796 799 800 969 975 
0 61 177 317 331 338 432 433 434 785 787 790 794 796 799 800 969 975 1289 1290 
435 436 437 438 801 857 858 860 862 867 870 876 889 892 898 902 973 
435 436 437 438 457 458 
435 436 437 438 457 458 1289 1290 1293 1294 
298 410 415 435 436 437 438 472 473 475 811 1098 1106 
328 439 440 442 443 444 445 446 447 448 449 
439 440 443 447 448 782 788 799 800 801 802 
441 445 448 482 483 
328 439 442 445 447 448 
439 440 443 444 445 446 447 448 449 693 752 
324 439 443 444 445 446 448 449 477 480 481 484 485 693 752 
328 439 441 442 443 444 445 446 447 448 449 
328 439 440 442 443 445 447 448 
439 440 441 442 443 444 445 446 447 448 449 693 752 
217 218 219 220 221 450 451 452 453 454 455 456 460 461 464 466 467 469 
450 451 452 453 454 455 456 460 461 462 463 466 467 525 526 527 528 529 530 532 535 536 540 541 542 543 544 813 1249 
217 218 219 220 221 450 451 452 453 454 455 456 460 461 464 466 467 469 533 651 676 1249 
450 451 452 453 454 455 456 460 461 462 463 466 467 525 526 527 528 529 530 532 535 536 540 541 542 543 544 813 
450 451 452 453 454 455 456 460 461 462 463 466 467 469 471 524 1249 
436 437 457 458 
459 462 463 561 
133 135 186 188 189 191 193 194 196 200 450 451 452 453 454 455 456 460 461 466 467 521 555 560 561 564 1048 
192 199 217 218 219 220 221 329 332 450 451 452 453 454 455 456 460 461 462 463 464 466 467 469 471 496 550 556 557 558 559 565 1023 1025 1027 1029 1288 
192 199 451 453 455 456 459 461 462 463 464 466 467 471 496 537 561 
192 199 451 453 455 456 459 461 462 463 466 467 468 471 496 
182 183 184 217 218 219 220 221 277 329 332 450 452 454 461 462 464 469 470 486 488 489 490 537 568 1022 1028 
465 
133 135 186 188 189 191 193 194 196 200 450 451 452 453 454 455 456 460 461 462 463 466 467 471 521 540 555 560 561 564 1048 
133 135 186 188 189 191 193 194 196 200 450 451 452 453 454 455 456 460 461 462 463 466 467 521 555 560 561 564 1048 
182 183 330 331 463 468 533 550 552 553 556 557 558 559 565 567 690 704 755 756 
217 218 219 220 221 329 332 450 452 454 456 461 464 469 470 471 486 488 489 490 550 556 557 558 559 565 1022 1023 1025 1027 1028 1029 1288 
464 469 470 486 488 489 490 1022 1028 
192 199 456 461 462 463 466 469 471 496 524 540 
438 472 473 474 475 916 922 968 
472 473 474 475 916 922 968 
476 477 478 479 480 481 482 483 484 485 1245 1246 
444 446 449 476 477 478 479 480 481 482 483 484 485 
444 446 449 476 477 478 479 480 481 484 485 
441 476 477 478 479 480 482 483 485 
487 
491 493 495 
266 277 492 494 496 501 502 505 506 507 510 513 514 520 521 522 523 524 525 526 527 528 530 531 532 534 535 536 537 538 539 540 541 543 544 545 546 547 548 549 569 570 571 572 573 574 575 576 577 578 579 581 582 583 584 585 710 711 712 713 
266 492 494 496 501 502 505 506 507 510 513 514 520 522 
192 199 266 461 462 463 471 492 494 496 501 502 505 506 507 510 513 514 520 522 541 544 1031 1054 
497 498 499 500 501 502 503 504 505 506 508 509 510 511 512 513 514 515 516 517 518 519 520 522 
497 498 499 500 501 502 503 504 506 508 509 510 511 512 514 515 516 517 518 519 520 522 
266 492 494 496 497 498 499 500 501 502 503 504 505 506 507 508 509 510 511 512 513 514 515 516 517 518 519 520 522 
497 498 499 500 501 502 503 504 506 508 509 510 511 512 514 515 516 517 518 519 520 522 712 
266 492 494 496 497 501 502 505 506 507 510 513 514 517 520 522 
266 492 494 496 497 498 499 500 501 502 503 504 505 506 507 508 509 510 511 512 513 514 515 516 517 518 520 522 
4 497 498 499 500 501 502 503 504 506 508 509 510 511 512 515 516 517 518 519 
266 492 494 496 497 498 499 500 501 502 503 504 505 506 507 508 509 510 511 512 513 514 515 516 517 518 520 522 712 
15 17 18 19 22 26 30 31 32 33 34 35 39 40 41 42 44 45 47 50 133 135 186 188 189 191 193 194 196 200 277 410 415 460 466 467 492 521 523 524 525 526 527 528 530 531 532 534 535 536 537 538 539 540 541 543 544 545 546 547 548 549 555 560 561 564 569 570 571 572 573 574 575 576 577 578 579 581 582 583 584 585 604 710 711 712 713 1048 
277 492 521 523 524 525 526 527 528 530 531 532 533 534 535 536 537 538 539 540 541 543 544 545 546 547 548 549 551 569 570 571 572 573 574 575 576 577 578 579 581 582 583 584 585 710 711 712 713 814 815 
277 456 471 492 521 523 524 525 526 527 528 529 530 531 532 534 535 536 537 538 539 540 541 542 543 544 545 546 547 548 549 569 570 571 572 573 574 575 576 577 578 579 581 582 583 584 585 710 711 712 713 1034 1039 1040 
277 451 453 455 492 521 523 524 525 526 527 528 529 530 531 532 533 534 535 536 537 538 539 540 541 542 543 544 545 546 547 548 549 569 570 571 572 573 574 575 576 577 578 579 581 582 583 584 585 710 711 712 713 813 
87 88 277 451 453 455 492 521 523 524 525 526 527 528 529 530 531 532 534 535 536 537 538 539 540 541 542 543 544 545 546 547 548 549 569 570 571 572 573 574 575 576 577 578 579 581 582 583 584 585 710 711 712 713 813 
87 88 451 453 455 524 525 526 527 528 529 530 531 532 535 536 537 540 541 542 543 544 718 813 
277 492 521 523 524 525 526 527 528 529 530 531 532 533 534 535 536 537 538 539 540 541 542 543 544 545 546 547 548 549 569 570 571 572 573 574 575 576 577 578 579 581 582 583 584 585 710 711 712 713 
182 183 452 468 523 525 527 528 531 533 534 538 539 541 543 544 545 569 570 571 572 573 574 575 576 577 578 579 581 582 583 584 585 651 676 755 756 
277 492 521 523 524 525 526 527 528 530 531 532 533 534 535 536 537 538 539 540 541 543 544 545 546 547 548 549 569 570 571 572 573 574 575 576 577 578 579 581 582 583 584 585 710 711 712 713 
87 88 277 462 464 492 521 523 524 525 526 527 528 529 530 531 532 534 535 536 537 538 539 540 541 542 543 544 545 546 547 548 549 569 570 571 572 573 574 575 576 577 578 579 581 582 583 584 585 710 711 712 713 
277 451 453 455 466 471 492 521 523 524 525 526 527 528 529 530 531 532 534 535 536 537 538 539 540 541 542 543 544 545 546 547 548 549 569 570 571 572 573 574 575 576 577 578 579 581 582 583 584 585 710 711 712 713 813 1034 1039 1040 
277 451 453 455 492 496 521 523 524 525 526 527 528 529 530 531 532 533 534 535 536 537 538 539 540 541 542 543 544 545 546 547 548 549 569 570 571 572 573 574 575 576 577 578 579 581 582 583 584 585 710 711 712 713 813 
87 88 277 451 453 455 492 521 523 524 525 526 527 528 529 530 531 532 533 534 535 536 537 538 539 540 541 542 543 544 545 546 547 548 549 569 570 571 572 573 574 575 576 577 578 579 581 582 583 584 585 710 711 712 713 813 
87 88 277 451 453 455 492 496 521 523 524 525 526 527 528 529 530 531 532 533 534 535 536 537 538 539 540 541 542 543 544 545 546 547 548 549 569 570 571 572 573 574 575 576 577 578 579 581 582 583 584 585 710 711 712 713 813 
277 492 521 523 524 525 526 527 528 530 531 532 534 535 536 537 538 539 540 541 543 544 545 546 547 548 549 569 570 571 572 573 574 575 576 577 578 579 581 582 583 584 585 710 711 712 713 
199 329 330 331 332 461 468 469 550 552 553 556 557 558 559 560 561 564 565 567 568 690 704 1023 1025 1027 1029 1288 
523 551 552 554 555 556 557 558 559 561 565 566 567 568 923 925 926 927 928 929 930 931 932 933 934 940 941 943 944 945 946 948 949 953 956 957 959 960 964 
330 331 468 550 551 552 553 554 555 556 557 558 559 565 567 568 690 704 925 926 927 928 929 930 931 932 933 934 964 1035 
7 216 226 330 331 468 550 552 553 556 557 558 559 560 565 567 593 690 704 807 810 823 827 855 864 866 873 877 879 884 885 886 893 895 896 
551 552 554 555 
6 133 135 186 188 189 191 193 194 196 200 460 466 467 521 551 552 554 555 556 557 558 559 560 561 564 565 566 568 1048 
329 330 331 332 461 468 469 550 551 552 553 555 556 557 558 559 561 565 566 567 568 586 588 690 704 1023 1025 1027 1029 1288 
329 330 331 332 461 468 469 550 551 552 553 555 556 557 558 559 560 561 565 566 567 568 690 704 1023 1025 1027 1029 1035 1288 
133 135 186 188 189 191 193 194 196 200 235 460 466 467 521 550 553 555 557 558 559 560 561 564 567 568 1048 
133 135 186 188 189 191 193 194 196 200 235 459 460 462 466 467 521 550 551 555 556 557 558 559 560 561 564 565 566 568 1048 
562 563 566 586 588 
133 135 186 188 189 191 193 194 196 200 460 466 467 521 550 555 560 561 564 565 567 1048 
329 330 331 332 461 468 469 550 551 552 553 555 556 557 558 559 561 564 565 566 567 568 586 588 690 704 1023 1025 1027 1029 1288 
551 555 556 557 558 559 561 562 563 565 566 568 586 588 
330 331 468 550 551 552 553 556 557 558 559 560 564 565 567 568 690 704 1035 
182 183 184 277 329 332 464 550 551 552 555 556 557 558 559 560 561 565 566 567 568 925 926 927 928 929 930 931 932 933 934 964 
580 1002 
556 562 563 565 566 586 587 588 763 764 765 766 
586 587 588 763 764 765 766 
242 244 247 248 249 250 255 256 257 260 337 338 589 590 591 592 594 1289 1290 
242 244 247 248 249 250 255 256 257 260 337 338 589 590 591 592 593 594 811 1289 1290 
589 590 591 592 594 811 
7 216 226 553 591 593 807 810 823 827 855 864 866 873 877 879 884 885 886 893 895 896 
241 595 596 597 598 1229 
241 595 596 597 598 609 612 613 614 615 1229 
241 595 596 597 598 600 609 614 615 1229 
599 
79 340 341 349 350 351 352 355 365 366 367 368 369 371 372 373 375 376 377 378 379 382 383 384 385 597 600 601 602 603 604 605 606 607 608 1283 1284 1286 
72 79 340 341 343 349 350 351 352 353 354 355 356 357 360 361 364 365 366 367 368 369 371 372 373 375 376 377 378 379 380 382 383 384 385 389 422 423 424 425 600 601 602 603 604 605 607 608 1276 1277 1278 1279 1283 1284 1286 
79 340 341 343 349 350 351 352 353 354 355 356 357 360 361 364 365 366 367 368 369 371 372 373 375 376 377 378 379 380 382 383 384 385 389 521 600 601 602 603 604 605 606 607 608 1048 1262 1263 1276 1277 1278 1279 1283 1284 1286 
344 345 348 600 604 606 608 
340 341 343 349 350 351 353 354 355 356 357 360 361 364 366 367 368 369 372 373 375 376 378 379 380 382 383 384 385 389 600 601 602 604 606 608 1276 1277 1278 1279 
65 67 596 597 598 609 612 613 614 615 1030 1046 1047 1063 1064 1252 1261 1274 1276 1277 1278 1279 
610 
611 
65 67 596 598 609 612 613 614 615 1063 1064 1252 1261 1274 1276 1277 1278 1279 
596 597 598 609 612 613 614 615 
65 67 596 597 598 609 612 613 614 615 1063 1064 1252 1261 1274 1276 1277 1278 1279 
616 617 618 619 620 621 623 624 625 
616 617 618 619 620 621 623 624 625 630 
622 
626 627 628 629 631 635 639 640 
626 627 628 629 631 639 640 
626 627 628 629 630 631 632 639 640 
618 629 630 632 633 637 638 
626 627 628 629 631 638 639 640 
629 630 632 633 637 638 
630 632 633 634 636 637 638 639 640 641 
633 634 636 637 638 639 640 641 
626 635 
630 631 632 633 634 636 637 638 639 640 641 
626 627 628 629 631 633 634 636 637 638 639 640 641 
642 643 644 645 646 647 648 649 650 651 652 654 655 656 657 658 661 662 663 664 665 666 667 668 669 670 672 673 675 676 677 678 714 716 717 720 721 731 739 740 748 750 
642 643 644 646 647 648 649 651 654 655 656 657 658 661 662 663 664 665 666 667 668 669 670 672 673 675 676 677 686 687 688 689 693 694 695 696 697 698 699 700 701 702 705 706 707 708 860 875 890 1041 1044 1045 
642 643 644 645 646 647 648 649 650 651 652 654 655 656 657 658 661 662 663 664 665 666 667 668 669 670 672 673 675 676 677 678 723 734 744 
642 644 645 646 647 648 650 651 652 653 654 655 656 657 658 660 661 662 663 664 665 666 668 669 670 671 673 674 675 676 677 678 723 734 744 
642 643 644 645 646 647 648 650 651 652 654 655 656 657 658 659 661 662 663 664 665 666 668 669 670 673 675 676 677 678 723 734 744 
642 643 644 645 646 647 648 649 650 651 652 654 655 656 657 658 659 661 662 663 664 665 666 667 668 669 670 672 673 675 676 677 678 714 716 717 720 721 731 739 740 748 750 
642 643 644 645 646 647 648 649 650 651 652 654 655 656 657 658 659 661 662 663 664 665 666 667 668 669 670 672 673 675 676 677 678 723 734 744 
642 643 644 647 648 649 651 657 658 666 667 668 670 672 675 676 686 687 688 689 693 694 695 696 697 698 699 700 701 702 705 706 707 708 860 875 890 1041 1044 1045 
642 644 645 646 647 648 650 651 652 654 655 656 657 658 661 662 663 664 665 666 668 669 670 673 675 676 677 678 714 716 717 720 721 731 739 740 748 750 
452 533 642 643 644 645 646 647 648 649 650 651 652 654 655 656 657 658 661 662 663 664 665 666 667 668 669 670 672 673 675 676 677 678 727 737 738 
642 644 645 646 647 648 650 651 652 653 654 655 656 657 658 659 661 662 663 664 665 666 667 668 669 670 671 672 673 674 675 676 677 678 718 724 725 728 735 742 743 813 983 1015 
645 652 653 659 660 663 667 669 671 672 674 718 724 725 728 735 742 743 983 
642 643 644 645 646 647 648 650 651 652 654 655 656 657 658 661 662 663 664 665 666 668 669 670 673 675 676 677 678 729 730 732 733 736 741 
642 643 644 645 646 647 648 650 651 652 654 655 656 657 658 661 662 663 664 665 666 668 669 670 673 675 676 677 678 727 737 738 
642 643 644 645 646 647 648 650 651 652 654 655 656 657 658 659 661 662 663 664 665 666 668 669 670 673 675 676 677 678 714 716 717 720 721 731 739 740 748 750 
646 647 648 652 653 656 658 659 662 663 665 667 669 670 672 673 677 678 718 724 725 728 735 742 743 983 1015 
645 653 660 671 674 728 742 
642 643 644 645 646 647 648 650 651 652 654 655 656 657 658 659 661 662 663 664 665 666 668 669 670 671 673 674 675 676 677 678 813 
642 643 644 645 646 647 648 650 651 652 653 654 655 656 657 658 659 661 662 663 664 665 666 667 668 669 670 671 672 673 674 675 676 677 678 718 724 725 728 735 742 743 813 983 1015 
642 643 644 645 646 647 648 650 651 652 654 655 656 657 658 661 662 663 664 665 666 668 669 670 673 675 676 677 678 714 716 717 720 721 731 739 740 748 750 
642 643 644 645 646 647 648 649 650 651 652 654 655 656 657 658 661 662 663 664 665 666 667 668 669 670 672 673 675 676 677 678 727 737 738 
642 643 644 647 648 649 651 652 653 657 658 659 663 666 667 668 669 670 672 675 676 718 724 725 728 735 742 743 983 
642 643 644 645 646 647 648 649 650 651 652 654 655 656 657 658 659 661 662 663 664 665 666 667 668 669 670 672 673 675 676 677 678 1014 1016 
645 652 653 660 662 663 669 671 673 674 678 749 813 
642 643 644 645 646 647 648 650 651 652 654 655 656 657 658 659 661 662 663 664 665 666 668 669 670 671 673 674 675 676 677 678 723 734 744 813 
645 652 653 660 662 663 669 671 673 674 678 813 
642 644 645 646 647 648 650 651 652 654 655 656 657 658 659 661 662 663 664 665 666 668 669 670 671 673 674 675 676 677 678 723 734 744 813 
679 680 681 682 684 
299 343 356 357 358 360 364 366 679 680 681 682 684 1268 1269 1271 1282 
679 680 681 682 683 684 
342 362 363 388 682 683 697 
129 685 689 693 705 
320 321 643 649 686 687 688 689 692 693 694 695 696 697 698 699 700 701 702 705 706 707 708 860 875 890 1041 1044 1045 1112 1113 
643 649 686 687 688 689 692 693 694 695 696 697 698 699 700 701 702 705 706 707 708 805 860 875 890 1041 1042 1043 1044 1045 
198 289 290 643 649 686 687 688 689 692 693 694 695 696 697 698 699 700 701 702 703 705 706 707 708 860 875 890 1041 1042 1043 1044 1045 
320 321 643 649 685 686 687 688 689 692 693 694 695 696 697 698 699 700 701 702 705 706 707 708 860 875 890 1041 1044 1045 1112 1113 
330 331 468 550 552 553 556 557 558 559 565 567 690 704 
691 
198 289 290 686 687 688 689 692 693 694 695 696 698 699 700 701 702 703 706 707 708 
443 444 446 448 449 643 649 685 686 687 688 689 692 693 694 695 696 697 698 699 700 701 702 705 706 707 708 752 860 875 890 1041 1042 1043 1044 1045 1249 
643 649 686 687 688 689 692 693 694 695 696 697 698 699 700 701 702 705 706 707 708 841 845 846 849 850 851 860 875 890 1041 1042 1043 1044 1045 
643 649 686 687 688 689 692 693 694 695 696 697 698 699 700 701 702 705 706 707 708 841 845 846 849 850 851 860 875 890 1041 1042 1043 1044 1045 1112 1113 
643 649 683 686 687 688 689 693 694 695 696 697 698 699 700 701 702 705 706 707 708 841 845 846 849 850 851 860 875 890 1041 1044 1045 
643 649 686 687 688 689 692 693 694 695 696 697 698 699 700 701 702 705 706 707 708 841 845 846 849 850 851 860 875 890 1041 1044 1045 1112 1113 
643 649 686 687 688 689 692 693 694 695 696 697 698 699 700 701 702 705 706 707 708 860 875 890 1041 1042 1043 1044 1045 
688 692 703 836 
643 649 685 686 687 688 689 693 694 695 696 697 698 699 700 701 702 705 706 707 708 860 875 890 1041 1044 1045 1112 1113 
709 
277 492 503 508 512 520 521 522 523 524 525 526 527 528 530 531 532 534 535 536 537 538 539 540 541 543 544 545 546 547 548 549 569 570 571 572 573 574 575 576 577 578 579 581 582 583 584 585 710 711 712 713 
52 175 176 177 178 642 647 650 656 657 658 664 665 677 714 716 717 718 719 720 721 723 724 725 727 729 730 731 732 733 734 735 736 737 738 739 740 741 743 744 747 748 749 750 751 752 753 1048 1245 1246 
715 722 724 726 728 742 743 745 746 979 980 981 982 983 984 985 986 987 988 989 990 991 992 993 994 995 996 997 998 999 1000 
52 175 176 177 178 642 647 650 656 657 658 664 665 677 714 716 717 718 719 720 721 723 724 725 727 729 730 731 732 733 734 735 736 737 738 739 740 741 743 744 747 748 749 750 751 752 753 981 1048 1245 1246 
52 175 176 177 178 642 647 650 656 657 658 664 665 677 714 716 717 718 719 720 721 723 724 725 727 729 730 731 732 733 734 735 736 737 738 739 740 741 744 747 748 749 750 751 752 753 1048 1245 1246 
529 542 652 653 659 663 667 669 672 714 716 717 718 719 720 721 723 724 725 727 728 729 730 731 732 733 734 735 736 737 738 739 740 741 742 743 744 747 748 749 750 751 752 753 983 
52 175 176 177 178 714 716 717 718 719 720 721 723 724 725 727 729 730 731 732 733 734 735 736 737 738 739 740 741 743 744 747 748 749 750 751 752 753 1048 1245 1246 
642 647 650 656 657 658 664 665 677 714 716 717 718 719 720 721 723 724 725 727 729 730 731 732 733 734 735 736 737 738 739 740 741 743 744 747 748 749 750 751 752 753 
52 175 176 177 178 642 647 650 656 657 658 664 665 677 714 716 717 718 719 720 721 723 724 725 727 729 730 731 732 733 734 735 736 737 738 739 740 741 743 744 747 748 749 750 751 752 753 983 1048 1245 1246 
52 175 176 177 178 644 645 646 648 673 678 714 716 717 718 719 720 721 723 724 725 727 729 730 731 732 733 734 735 736 737 738 739 740 741 743 744 747 748 749 750 751 752 753 1048 1245 1246 
52 175 176 177 178 652 653 659 663 667 669 672 714 715 716 717 718 719 720 721 722 723 724 725 726 728 731 734 735 739 740 742 743 744 745 746 747 749 750 751 753 979 980 981 982 983 984 985 986 987 988 989 990 991 992 993 994 995 996 997 998 999 1000 1048 1245 1246 
52 175 176 177 178 652 653 659 663 667 669 672 714 716 717 718 719 720 721 723 724 725 727 728 729 730 731 732 733 734 735 736 737 738 739 740 741 742 743 744 747 748 749 750 751 752 753 983 1048 1245 1246 
651 655 661 666 668 675 676 714 716 717 718 719 720 721 723 725 727 729 730 731 732 733 734 735 736 737 738 739 740 741 743 744 747 748 749 750 751 752 753 990 
652 653 659 660 663 667 669 672 715 718 722 724 725 726 728 735 742 743 745 746 979 980 981 982 983 984 985 986 987 988 989 990 991 992 993 994 995 996 997 998 999 1000 
654 714 716 717 718 719 720 721 723 725 727 729 730 731 732 733 734 735 736 737 738 739 740 741 743 744 747 748 749 750 751 752 753 990 
210 654 714 716 717 718 719 720 721 723 725 727 729 730 731 732 733 734 735 736 737 738 739 740 741 743 744 747 748 749 750 751 752 753 990 
52 175 176 177 178 642 647 650 656 657 658 664 665 677 714 716 717 718 719 720 721 723 724 725 727 729 730 731 732 733 734 735 736 737 738 739 740 741 743 744 747 748 749 750 751 752 753 754 979 988 989 991 999 1048 1245 1246 
652 653 659 663 667 669 672 714 715 716 718 719 720 721 722 723 724 725 726 727 728 729 730 731 732 733 734 735 736 737 738 739 740 741 742 743 744 745 746 748 750 751 753 979 980 981 982 983 984 985 986 987 988 989 990 991 992 993 994 995 996 997 998 999 1000 
52 175 176 177 178 714 716 717 718 719 720 721 723 724 725 727 729 730 731 732 733 734 735 736 737 738 739 740 741 744 747 748 749 750 751 752 753 979 1048 1245 1246 
642 647 650 656 657 658 664 665 677 714 716 717 718 719 720 721 723 725 727 729 730 731 732 733 734 735 736 737 738 739 740 741 743 744 747 748 749 750 751 752 753 
52 175 176 177 178 671 714 716 717 718 719 720 721 723 724 725 727 729 730 731 732 733 734 735 736 737 738 739 740 741 744 747 748 749 750 751 752 753 979 981 983 988 1048 1245 1246 
443 444 446 448 449 693 714 716 717 718 719 720 721 723 725 727 729 730 731 732 733 734 735 736 737 738 739 740 741 744 747 748 749 750 751 752 753 
53 57 60 62 740 754 979 988 989 991 999 
182 183 468 533 755 756 887 903 
757 758 759 761 763 764 765 766 769 770 771 774 777 942 
757 758 759 761 762 763 764 765 766 767 768 769 770 771 772 773 774 777 778 925 955 
760 769 770 771 774 
757 758 759 761 762 763 764 765 766 767 768 769 771 773 777 778 925 955 
759 761 762 763 764 765 766 767 768 770 772 773 774 777 778 925 955 
586 587 588 757 758 759 761 762 763 764 765 766 767 768 769 771 773 777 778 925 955 
759 761 762 763 764 765 766 767 768 772 773 777 778 925 955 
757 758 759 760 761 763 764 765 766 769 770 771 774 777 942 
757 758 759 760 762 768 769 770 771 772 773 774 942 
759 762 767 768 770 772 773 775 1230 
757 758 759 760 762 768 769 770 771 773 774 942 
772 775 
776 
759 761 762 763 764 765 766 767 768 773 777 778 925 955 
779 
229 322 323 324 325 326 328 780 781 782 783 784 786 788 789 791 792 793 795 796 797 798 799 800 801 802 803 820 966 967 970 971 972 973 974 975 976 977 978 1167 1168 
218 219 220 221 322 323 324 325 326 328 780 781 782 783 786 788 789 791 792 793 798 799 800 801 802 803 973 1167 1168 
322 323 324 325 326 328 440 780 781 782 783 785 786 787 788 789 790 791 792 793 794 796 798 799 800 801 802 803 969 970 971 972 974 975 976 978 
322 323 324 325 326 328 780 781 782 783 784 786 788 789 791 792 793 796 798 799 800 801 802 803 820 973 1167 1168 
780 783 784 786 791 792 795 796 797 798 799 803 820 968 969 973 
0 61 317 331 432 433 434 782 785 786 787 788 789 790 791 792 793 794 796 798 799 800 801 802 803 969 975 
322 323 324 325 326 328 780 781 782 783 784 785 786 787 788 789 790 791 792 793 794 795 796 797 798 799 801 802 803 820 966 967 970 971 972 973 974 975 976 977 978 
229 322 323 324 325 326 328 440 780 781 782 783 785 786 787 788 789 790 791 792 793 794 796 798 799 800 801 802 803 973 1167 1168 
322 323 324 325 326 328 780 781 782 783 785 786 787 788 789 790 791 792 793 794 795 796 797 798 799 801 802 803 966 967 970 971 972 973 974 975 976 977 978 1119 
322 323 324 325 326 328 780 781 782 783 784 785 786 787 788 789 790 791 792 793 794 796 798 799 800 801 802 803 820 973 
780 784 786 789 791 793 795 797 799 803 966 967 970 971 972 973 974 975 976 977 978 
0 61 317 331 432 433 434 780 782 783 784 785 786 787 788 789 790 791 792 793 794 796 798 799 800 801 802 803 820 969 973 975 
0 61 317 331 432 433 434 440 780 781 782 783 784 785 786 787 788 789 790 791 792 793 794 795 796 797 798 799 800 801 802 803 820 869 874 875 881 882 888 890 891 899 966 967 969 970 971 972 973 974 975 976 977 978 1167 1168 
0 61 317 331 432 433 434 440 780 781 782 783 785 787 788 790 792 794 796 798 799 800 801 802 869 874 875 881 882 888 890 891 899 969 973 975 1167 1168 
229 322 323 324 325 326 328 435 440 780 781 782 783 785 786 787 788 789 790 791 792 793 794 796 798 799 800 801 802 803 973 1167 1168 
804 805 806 
687 804 805 806 
7 216 226 553 593 807 808 809 810 812 816 817 820 822 823 824 825 827 828 829 830 831 833 855 864 866 873 877 879 884 885 886 893 895 896 
311 807 808 809 811 812 813 814 815 816 817 822 823 824 825 827 828 829 830 831 832 833 
311 807 808 809 810 811 812 813 814 815 816 817 820 822 823 824 825 827 828 829 830 831 832 833 
7 216 226 553 593 807 809 810 813 823 827 830 832 855 864 866 873 877 879 884 885 886 893 895 896 1005 1008 
298 311 410 415 438 591 592 808 809 811 813 814 815 816 817 824 828 829 831 832 
807 808 809 812 814 815 816 817 822 823 824 825 827 828 829 830 831 832 833 
189 311 451 453 455 525 526 527 528 529 530 532 535 536 540 541 542 543 544 652 662 663 669 671 673 674 678 808 809 810 811 813 814 815 816 817 824 828 829 830 831 832 
311 523 808 809 811 812 813 814 815 816 817 820 821 824 825 826 827 828 829 830 831 832 833 
311 523 808 809 811 812 813 814 815 816 817 818 819 820 824 825 827 828 829 830 831 832 833 1001 1006 1009 1011 
311 807 808 809 811 812 813 814 815 816 817 820 821 822 823 824 825 826 827 828 829 830 831 832 833 871 
294 311 807 808 809 811 812 813 814 815 816 817 820 821 822 823 824 825 826 827 828 829 830 831 832 833 
815 818 819 825 830 832 833 1001 1005 1006 1008 1009 1011 
780 783 784 786 791 792 796 798 799 803 807 809 814 815 816 817 820 821 823 825 826 827 829 830 831 833 973 
814 816 817 820 821 826 827 829 830 831 833 
807 808 809 812 816 817 822 823 824 825 827 828 829 830 831 833 
294 311 807 808 809 811 812 813 814 815 816 817 822 823 824 825 827 828 829 830 831 832 833 
807 808 809 812 814 815 816 817 818 819 820 822 823 824 825 827 828 829 830 831 833 
7 216 226 553 593 807 808 809 810 812 814 815 816 817 820 821 822 823 824 825 826 827 828 829 830 831 833 855 864 866 873 877 879 884 885 886 893 895 896 
329 330 332 397 807 808 809 810 812 813 814 815 816 817 818 819 820 821 822 823 824 825 826 827 828 829 830 831 832 833 
311 807 808 809 811 812 813 814 815 816 817 820 821 822 823 824 825 826 827 828 829 830 831 832 833 
311 808 809 810 811 812 813 814 815 816 817 818 819 824 828 829 830 831 832 1001 1005 1006 1008 1009 1011 
807 808 809 812 814 815 816 817 818 819 820 821 822 823 824 825 826 827 828 829 830 831 833 
162 834 835 837 839 840 841 842 843 844 845 846 847 848 849 850 851 852 853 854 
834 835 836 837 838 839 840 841 842 843 844 845 846 847 848 849 850 851 852 854 
703 835 836 837 843 844 851 887 903 
834 835 836 837 839 840 841 842 843 844 845 846 847 848 849 850 851 852 
835 838 851 
694 695 696 697 698 699 701 702 706 707 708 834 835 837 839 840 841 842 843 844 845 846 847 848 849 850 851 852 854 
834 835 836 837 839 840 841 842 843 844 845 846 847 848 849 850 851 852 854 
694 695 696 697 698 699 701 702 706 707 708 834 835 836 837 838 839 840 841 842 843 844 845 846 847 848 849 850 851 852 854 
834 839 840 842 847 848 852 853 854 
162 834 835 839 840 841 842 843 844 845 846 847 848 849 850 851 852 853 854 
7 216 226 553 593 807 810 823 827 855 856 863 864 866 873 877 879 884 885 886 893 894 895 896 901 902 
292 294 296 297 298 303 312 313 320 321 855 856 857 858 860 861 862 863 864 865 866 867 869 870 871 873 874 875 876 877 879 881 882 883 884 885 886 889 890 891 892 893 894 895 896 898 899 900 901 902 1041 1042 1043 1044 
292 294 296 297 298 303 312 313 320 321 435 856 857 858 859 860 861 862 863 865 866 867 868 869 870 871 874 875 876 881 882 883 888 889 890 891 892 894 897 898 899 900 901 902 973 1041 1042 1043 1044 
130 131 133 134 135 136 857 858 859 860 861 862 863 865 867 868 869 870 871 874 875 876 881 882 883 888 889 890 891 892 894 897 898 899 900 901 902 
435 643 649 686 687 688 689 693 694 695 696 697 698 699 700 701 702 705 706 707 708 856 857 858 859 860 861 862 863 867 868 869 870 871 874 875 876 881 882 883 888 889 890 891 892 894 897 898 899 900 901 902 973 1041 1044 1045 
292 294 296 297 298 303 312 313 320 321 856 857 858 859 860 861 862 863 864 865 867 869 870 871 874 875 876 881 882 883 888 889 890 891 892 894 898 899 900 901 902 1041 1042 1043 1044 
292 294 296 297 298 303 312 313 320 321 435 856 857 858 859 860 861 862 863 865 867 869 870 871 874 875 876 881 882 883 888 889 890 891 892 898 899 900 901 902 973 1041 1042 1043 1044 
855 856 857 858 859 860 861 862 863 864 865 867 869 870 871 873 874 875 876 877 879 881 882 883 884 885 886 888 889 890 891 892 893 894 895 896 898 899 900 901 902 
7 216 226 553 593 807 810 823 827 855 856 861 863 864 866 873 877 879 884 885 886 893 894 895 896 901 902 
292 294 296 297 298 303 312 313 320 321 856 857 858 859 861 862 863 865 867 869 870 871 874 875 876 881 882 883 888 889 890 891 892 898 899 900 901 902 1041 1042 1043 1044 
7 216 226 553 593 807 810 823 827 855 856 857 858 864 866 867 869 870 871 873 874 876 877 879 881 882 884 885 886 888 889 891 892 893 894 895 896 898 899 901 902 
857 858 859 860 867 868 869 870 871 872 874 875 876 878 880 881 882 883 888 889 890 891 892 894 897 898 899 900 902 
292 294 296 297 298 303 312 313 320 321 799 800 856 857 858 859 860 861 862 863 865 866 867 868 869 870 871 874 875 876 881 882 883 888 889 890 891 892 894 897 898 899 900 901 902 1041 1042 1043 1044 
292 294 296 297 298 303 312 313 320 321 816 856 857 858 859 860 861 862 863 865 866 867 868 869 870 871 874 875 876 881 882 883 888 889 890 891 892 894 897 898 899 900 901 902 1041 1042 1043 1044 
868 872 878 880 
292 294 296 297 298 303 312 313 320 321 643 649 686 687 688 689 693 694 695 696 697 698 699 700 701 702 705 706 707 708 799 800 856 857 858 859 860 861 862 863 865 867 868 869 870 871 874 875 876 881 882 883 888 889 890 891 892 894 897 898 899 900 901 902 1041 1042 1043 1044 1045 
868 872 878 880 897 
292 294 296 297 298 303 312 313 320 321 856 857 858 859 860 861 862 863 865 867 868 869 870 871 874 875 876 881 882 883 888 889 890 891 892 894 897 898 899 900 901 902 1041 1042 1043 1044 
755 756 836 887 903 
252 253 799 800 857 858 859 860 861 862 863 865 866 867 868 869 870 871 874 875 876 881 882 883 888 889 890 891 892 894 897 898 899 900 901 902 
252 253 643 649 686 687 688 689 693 694 695 696 697 698 699 700 701 702 705 706 707 708 799 800 856 857 858 859 860 861 862 863 865 867 868 869 870 871 874 875 876 881 882 883 888 889 890 891 892 894 897 898 899 900 902 1041 1044 1045 
855 856 857 858 859 860 861 863 864 866 867 868 869 870 871 873 874 875 876 877 879 881 882 883 884 885 886 888 889 890 891 892 893 894 895 896 897 898 899 900 901 902 
857 858 859 860 867 868 869 870 871 874 875 876 878 880 881 882 883 888 889 890 891 892 894 897 898 899 900 902 
292 294 296 297 298 303 312 313 320 321 855 856 857 858 859 860 861 862 863 864 865 866 867 869 870 871 873 874 875 876 877 879 881 882 883 884 885 886 888 889 891 892 893 894 895 896 898 899 900 901 902 1041 1042 1043 1044 
292 294 296 297 298 303 312 313 320 321 435 855 856 857 858 859 860 861 862 863 864 865 866 867 868 869 870 871 873 874 875 876 877 879 881 882 883 884 885 886 888 889 890 891 892 893 894 895 896 897 898 899 900 901 902 973 1041 1042 1043 1044 
904 905 906 907 910 913 915 916 917 918 919 920 921 922 
242 244 245 247 249 250 254 255 256 257 260 421 904 905 906 907 910 913 915 916 917 918 919 920 922 
904 905 906 907 908 909 910 913 915 916 917 918 919 920 922 
243 246 248 252 253 259 907 908 909 910 913 916 917 918 920 922 977 
911 912 914 915 921 1017 
904 905 906 907 910 911 912 913 914 915 916 917 918 919 920 921 922 1017 
472 473 474 475 904 905 906 907 908 909 910 913 915 916 917 918 919 920 922 968 
904 905 906 907 910 913 915 916 917 918 919 920 922 
904 905 911 912 914 915 921 1017 
551 923 924 926 927 928 929 930 931 932 933 934 935 936 937 938 939 940 941 942 943 944 945 946 947 948 949 950 951 952 953 954 955 956 957 958 959 960 961 962 963 964 965 
923 924 925 927 928 929 934 935 936 937 938 939 940 941 942 943 944 945 946 947 948 949 950 951 952 953 954 955 956 957 958 959 960 961 962 963 964 965 
551 552 568 759 761 762 763 764 765 766 767 768 773 777 778 924 925 926 927 928 929 930 931 932 933 934 935 937 938 939 942 947 950 951 952 954 955 958 961 962 964 965 
551 552 568 923 925 926 927 928 929 930 931 932 933 934 935 936 937 938 939 940 941 942 946 947 952 953 956 961 963 964 
551 552 568 923 924 925 926 927 928 929 930 931 932 933 934 935 936 937 938 939 940 941 942 943 944 946 947 948 951 952 953 954 956 957 958 960 961 962 963 964 
551 552 568 923 924 925 926 927 928 929 930 931 932 933 934 936 937 938 939 940 941 942 943 944 946 947 948 951 952 953 954 956 957 958 960 961 962 963 964 
551 552 568 923 925 926 927 928 929 930 931 932 933 934 937 939 940 941 943 944 945 946 948 949 953 956 957 959 960 964 
551 552 568 923 925 926 927 928 929 930 931 932 933 934 936 937 938 939 940 941 942 946 947 952 953 956 961 963 964 
551 552 568 923 924 925 926 927 928 929 930 931 932 933 934 935 937 938 939 942 943 944 945 947 948 949 950 951 952 954 956 957 958 960 961 962 963 964 965 
923 924 925 926 927 934 935 936 937 938 939 942 943 944 945 947 948 949 950 951 952 954 955 956 957 958 959 960 961 962 963 964 965 
923 924 926 927 928 929 931 932 933 935 936 937 938 940 941 942 943 944 945 946 947 948 949 951 952 953 954 956 957 958 960 961 962 963 964 965 
923 924 925 926 927 928 929 930 931 932 933 934 935 936 937 938 939 940 941 942 943 944 946 947 948 950 951 952 953 954 955 956 957 958 959 960 961 962 963 964 965 
923 924 925 926 927 928 929 931 932 933 934 935 936 937 938 939 940 941 942 943 944 945 946 947 948 949 950 951 952 953 954 956 957 958 959 960 961 962 963 964 965 
923 924 925 926 927 928 929 930 931 932 933 934 935 937 938 939 942 943 944 945 947 948 949 950 951 952 954 955 956 957 958 959 960 961 962 963 964 965 
551 923 924 926 927 928 929 930 931 932 933 936 937 938 940 941 942 943 944 945 946 947 948 949 950 951 952 953 954 956 957 958 959 960 961 962 963 964 
551 923 924 926 927 928 929 930 931 932 933 936 937 938 940 941 942 943 944 945 946 947 948 949 950 951 952 953 954 956 957 959 960 961 962 963 964 
757 758 769 770 771 774 923 924 925 926 927 928 929 931 932 933 934 935 936 937 938 939 940 941 942 943 944 945 946 947 948 949 950 951 952 953 954 955 956 957 958 959 960 961 962 963 964 965 
551 923 924 927 928 929 930 934 935 936 937 938 939 940 941 942 943 944 945 946 947 948 949 950 951 952 953 954 955 956 957 958 959 960 961 962 963 965 
551 923 924 930 934 935 936 938 939 940 941 942 943 944 945 946 948 949 950 951 952 953 954 956 957 958 959 960 961 962 965 
923 924 925 926 927 928 929 931 932 933 934 935 936 937 938 939 940 941 942 943 944 946 947 948 950 951 952 953 954 955 956 957 958 959 960 961 962 963 964 965 
923 924 925 934 935 937 938 939 940 941 942 943 944 945 946 947 948 949 950 951 952 953 954 955 956 957 958 959 960 961 962 963 964 965 
923 924 925 926 927 928 929 931 932 933 934 935 936 937 938 939 940 941 942 943 944 945 946 947 948 949 950 951 952 953 954 955 956 957 958 959 960 961 962 963 964 965 
759 761 762 763 764 765 766 767 768 773 777 778 923 924 925 935 937 939 942 943 944 947 948 950 951 952 954 955 956 957 959 960 961 962 963 965 
215 217 223 224 225 227 228 230 232 923 924 925 927 928 929 934 935 936 937 938 939 940 942 943 944 945 946 947 948 949 950 951 952 954 956 957 958 960 961 962 963 964 965 
551 923 924 930 935 937 938 939 940 941 942 943 944 945 946 947 948 949 950 951 952 953 954 955 956 957 959 960 961 962 963 965 
923 924 926 927 928 929 931 932 933 934 935 936 937 938 939 940 941 942 943 944 946 947 948 950 951 952 953 954 955 956 957 958 959 960 961 962 963 964 965 
551 552 568 923 924 925 926 927 928 929 930 931 932 933 934 935 936 937 938 939 940 941 942 946 947 950 951 952 953 954 956 958 961 962 963 964 965 
923 924 925 934 935 936 937 938 939 942 943 944 945 947 948 949 950 951 952 954 955 956 957 958 959 960 961 962 963 964 965 
780 786 789 791 793 795 797 799 803 966 967 970 971 972 973 974 975 976 977 978 
472 473 474 475 784 916 922 968 969 
0 61 317 331 432 433 434 782 784 785 787 790 794 796 799 800 968 969 970 971 972 974 975 976 978 
780 782 786 789 791 793 795 797 799 803 966 967 969 970 971 972 973 974 975 976 977 978 
435 780 781 783 784 786 788 789 791 792 793 795 796 797 798 799 800 801 802 803 820 857 858 860 862 867 870 876 889 892 898 902 966 967 970 971 972 973 974 975 976 977 978 1167 1168 
0 61 317 331 432 433 434 780 782 785 786 787 789 790 791 793 794 795 796 797 799 800 803 966 967 969 970 971 972 973 974 975 976 977 978 
780 786 789 791 793 795 797 799 803 908 909 966 967 970 971 972 973 974 975 976 977 978 
715 722 724 726 728 740 742 743 745 746 747 749 754 979 980 981 982 983 984 985 986 987 988 989 990 991 992 993 994 995 996 997 998 999 1000 1015 
715 716 722 724 726 728 742 743 745 746 749 979 980 981 982 983 984 985 986 987 988 989 990 991 992 993 994 995 996 997 998 999 1000 
652 653 659 663 667 669 672 715 718 721 722 724 725 726 728 735 742 743 745 746 749 979 980 981 982 983 984 985 986 987 988 989 990 991 992 993 994 995 996 997 998 999 1000 
715 722 724 726 728 740 742 743 745 746 749 754 979 980 981 982 983 984 985 986 987 988 989 990 991 992 993 994 995 996 997 998 999 1000 
715 722 724 726 728 740 742 743 745 746 754 979 980 981 982 983 984 985 986 987 988 989 990 991 992 993 994 995 996 997 998 999 1000 
715 722 724 726 727 728 729 730 732 733 736 737 738 741 742 743 745 746 979 980 981 982 983 984 985 986 987 988 989 990 991 992 993 994 995 996 997 998 999 1000 
815 818 819 832 1001 1002 1003 1004 1005 1006 1007 1008 1009 1010 1011 
580 1001 1002 1003 1006 1007 
1001 1002 1003 1004 1005 1006 1007 1008 1010 
1001 1003 1004 1005 1006 1007 1008 1010 1012 
810 818 819 832 1001 1003 1004 1005 1006 1007 1008 1010 
1001 1002 1003 1004 1005 1006 1007 1008 1009 1010 1011 1012 
815 818 819 832 1001 1006 1007 1009 1011 1012 
1004 1007 1009 1010 1011 1012 
1013 1014 1015 1016 
670 1013 1014 1015 1016 
652 659 663 669 979 1013 1014 1015 
670 1013 1014 1016 
258 911 912 914 915 921 1017 
1018 1019 1020 
1021 1030 
464 469 470 486 488 489 490 1022 1024 1025 1027 1028 1050 
329 332 461 469 550 556 557 558 559 565 1023 1024 1025 1026 1027 1029 1030 1050 1288 
1022 1023 1024 1025 1026 1027 1028 1029 1030 1050 
329 332 461 469 550 556 557 558 559 565 1022 1023 1024 1025 1026 1027 1028 1029 1050 1288 
1023 1024 1025 1026 1027 1029 1050 
329 332 461 469 550 556 557 558 559 565 1022 1023 1024 1025 1026 1027 1028 1029 1030 1050 1288 
323 324 609 1021 1023 1024 1027 1029 1030 1046 1047 1048 1049 
130 135 136 496 1031 1034 1039 1040 1054 
129 132 137 143 146 148 152 154 155 157 158 159 160 166 167 169 171 174 266 1032 1033 1036 1037 
266 1032 1033 1036 1037 
209 212 524 540 1031 1034 1035 1037 1038 1039 1040 
209 212 552 557 558 559 567 1034 1035 1036 1037 1038 1039 1040 
266 1032 1033 1035 1036 1037 1038 
266 1032 1033 1034 1035 1036 1037 1038 1040 
209 212 1034 1035 1036 1037 1038 1039 1040 
209 212 524 540 1031 1034 1035 1038 1039 1040 
287 292 294 295 296 297 298 303 312 313 320 321 643 649 686 687 688 689 693 694 695 696 697 698 699 700 701 702 705 706 707 708 856 857 858 860 861 862 865 867 869 870 871 874 875 876 881 882 883 889 890 891 892 898 899 900 901 902 1041 1042 1043 1044 1045 
292 294 296 297 298 303 312 313 320 321 687 688 693 694 695 696 699 700 701 702 706 707 856 857 858 861 862 865 867 869 870 871 874 875 876 881 882 883 889 891 892 898 899 900 901 902 1041 1042 1043 1044 1045 
292 294 296 297 298 303 312 313 320 321 643 649 686 687 688 689 693 694 695 696 697 698 699 700 701 702 705 706 707 708 856 857 858 860 861 862 865 867 869 870 871 874 875 876 881 882 883 889 890 891 892 898 899 900 901 902 1041 1042 1043 1044 1045 
643 649 686 687 688 689 693 694 695 696 697 698 699 700 701 702 705 706 707 708 860 875 890 1041 1042 1043 1044 1045 1112 1113 
426 609 1030 1046 1047 1048 1049 1051 
609 1030 1046 1047 1048 1049 1050 1051 
52 133 135 175 176 177 178 186 188 189 191 193 194 196 200 460 466 467 521 555 560 561 564 604 714 716 717 719 721 723 724 725 731 734 735 739 740 744 747 749 750 751 753 1030 1046 1047 1048 1049 1245 1246 
1030 1046 1047 1048 1049 1050 1051 
1022 1023 1024 1025 1026 1027 1028 1029 1047 1049 1050 1051 
1046 1047 1049 1050 1051 
93 94 107 116 202 1052 1053 1054 1055 
1052 1053 1054 1055 
496 1031 1052 1053 1054 1055 
1052 1053 1054 1055 1058 
1056 
1057 
1055 1058 
1059 
1060 1062 1065 1077 
1061 1065 1067 1075 1077 1080 
1060 1062 1068 1069 1075 1077 1078 1079 1080 
65 67 609 612 613 615 1063 1064 1066 1252 1261 1274 1276 1277 1278 1279 
65 67 609 612 613 615 1063 1064 1252 1261 1274 1276 1277 1278 1279 
1060 1061 1065 1067 1075 1080 
1063 1066 
1061 1065 1067 1068 1069 1070 1071 1072 1073 1074 1075 1076 1078 1079 
1062 1067 1068 1069 1075 1077 1078 1079 1080 
1062 1067 1068 1069 1070 1071 1072 1073 1074 1075 1076 1077 1078 1079 1080 
1067 1069 1070 1071 1072 1073 1074 1075 1076 1078 1079 
1061 1062 1065 1067 1068 1069 1070 1071 1072 1073 1074 1075 1076 1077 1078 1079 1080 
1060 1061 1062 1068 1069 1075 1077 1078 1079 1080 
1061 1062 1065 1068 1069 1075 1077 1078 1079 1080 
1081 
346 347 1082 1083 1084 1085 1088 
359 380 1082 1083 1084 1085 1088 
344 345 348 349 1082 1083 1084 1085 1086 1088 1251 1253 1254 1285 
372 1084 1086 1087 1088 
1086 1087 1088 
372 1082 1083 1084 1085 1086 1087 1088 
1089 1090 1093 1094 1098 1099 1100 1101 1102 1103 1104 1108 1134 
1089 1090 1091 1099 1100 1103 1104 
1090 1091 1092 1096 1098 1102 
1091 1092 
1089 1093 1094 1096 1098 1099 1100 1101 1102 1103 1104 1109 1111 1114 1115 1118 1119 1130 1134 1135 1139 1140 1144 1145 1148 1149 1151 1152 1156 
1089 1093 1094 1097 1098 1099 1100 1101 1102 1103 1104 1108 1109 1111 1114 1118 1119 1130 1134 1135 1139 1140 1144 1145 1148 1149 1151 1152 1156 
1095 1096 1102 1110 1117 1119 
1091 1093 1095 1096 1098 1102 1160 1163 
1094 1097 1099 1100 1103 1104 1163 
438 1089 1091 1093 1094 1096 1098 1099 1100 1101 1102 1103 1104 1106 1134 
322 323 324 325 326 328 1089 1090 1093 1094 1097 1098 1099 1100 1101 1102 1103 1104 1109 1111 1114 1118 1119 1130 1135 1139 1140 1144 1145 1148 1149 1151 1152 1156 1215 
322 323 324 325 326 328 1089 1090 1093 1094 1097 1098 1099 1100 1101 1102 1103 1104 1109 1111 1114 1118 1119 1130 1134 1135 1139 1140 1144 1145 1148 1149 1151 1152 1156 1215 
1089 1093 1094 1098 1099 1100 1101 1102 1103 1104 1108 1134 
1089 1091 1093 1094 1095 1096 1098 1099 1100 1101 1102 1103 1104 1110 1119 1134 
1089 1090 1093 1094 1097 1098 1099 1100 1101 1102 1103 1104 1109 1111 1114 1118 1119 1130 1134 1135 1139 1140 1144 1145 1148 1149 1151 1152 1156 
1105 1106 1107 1109 1110 1111 1112 1113 1114 1115 1116 1117 1118 1119 
438 1098 1105 1106 1107 1108 1113 1117 
1105 1106 1107 1108 1109 1110 1111 1112 1113 1114 1115 1116 1117 1118 1119 
1089 1094 1101 1106 1107 1108 1109 1111 1112 1113 1114 1115 1116 1117 1118 1141 
1093 1094 1099 1100 1103 1104 1105 1107 1108 1109 1110 1111 1112 1113 1114 1115 1116 1117 1118 1119 1130 1135 1139 1140 1144 1145 1148 1149 1151 1152 1156 
1095 1102 1105 1107 1109 1110 1111 1112 1113 1114 1115 1117 1118 1119 1122 1128 1129 1130 1131 1133 1135 1136 1137 1138 1139 1140 1141 1142 1143 1144 1145 1147 1148 1149 1151 1152 1153 1154 1155 1156 
95 98 104 115 128 201 205 207 210 211 213 266 267 1093 1094 1099 1100 1103 1104 1105 1107 1108 1109 1110 1111 1112 1113 1114 1115 1116 1117 1118 1119 1130 1135 1139 1140 1144 1145 1148 1149 1151 1152 1156 
686 689 695 698 705 708 1045 1105 1107 1108 1109 1110 1111 1112 1113 1114 1115 1116 1117 1118 1119 
686 689 695 698 705 708 1045 1105 1106 1107 1108 1109 1110 1111 1112 1113 1114 1115 1116 1117 1118 
1093 1105 1107 1108 1109 1110 1111 1112 1113 1114 1115 1116 1117 1118 1119 
1105 1107 1108 1109 1111 1112 1113 1114 1115 1116 1117 1118 1119 
1095 1105 1106 1107 1108 1109 1110 1111 1112 1113 1114 1115 1116 1117 1118 1119 
789 793 1093 1094 1095 1099 1100 1102 1103 1104 1105 1107 1109 1110 1111 1112 1114 1115 1116 1117 1118 1119 1130 1135 1139 1140 1144 1145 1148 1149 1151 1152 1156 
1120 
1121 
1110 1122 1124 1125 1126 1128 1129 1130 1131 1133 1134 1135 1136 1137 1138 1139 1140 1141 1142 1143 1144 1145 1146 1147 1148 1149 1151 1152 1153 1154 1155 1156 1157 1158 
1123 1124 1125 1126 1127 1133 1136 1137 1138 1142 1143 1146 1153 1157 1158 
1122 1123 1124 1125 1126 1127 1128 1129 1130 1131 1133 1134 1135 1136 1137 1138 1139 1140 1141 1142 1143 1144 1145 1146 1147 1148 1149 1151 1152 1153 1154 1155 1156 1157 1158 
1122 1123 1124 1125 1126 1127 1128 1129 1131 1146 1147 1157 1158 
1123 1124 1125 1126 1127 1134 1141 1146 1157 1158 
1093 1094 1099 1100 1103 1104 1109 1110 1111 1114 1118 1119 1122 1124 1126 1128 1129 1130 1131 1133 1134 1135 1136 1137 1138 1139 1140 1141 1142 1143 1144 1145 1146 1147 1148 1149 1151 1152 1153 1154 1155 1156 1157 1158 
1132 1147 1150 1154 
1110 1122 1123 1124 1126 1128 1129 1130 1131 1133 1134 1135 1136 1137 1138 1139 1140 1141 1142 1143 1144 1145 1146 1147 1148 1149 1151 1152 1153 1154 1155 1156 1157 1158 
1089 1093 1094 1098 1100 1101 1102 1103 1104 1122 1124 1126 1127 1128 1129 1130 1131 1133 1134 1135 1136 1137 1138 1139 1140 1141 1142 1143 1144 1145 1146 1147 1148 1149 1151 1152 1153 1154 1155 1156 1157 1158 
1108 1110 1122 1124 1126 1127 1128 1129 1130 1131 1133 1134 1135 1136 1137 1138 1139 1140 1141 1142 1143 1144 1145 1146 1147 1148 1149 1151 1152 1153 1154 1155 1156 1157 1158 
1110 1122 1124 1125 1126 1128 1129 1130 1131 1132 1133 1134 1135 1136 1137 1138 1139 1140 1141 1142 1143 1144 1145 1146 1147 1148 1149 1150 1151 1152 1153 1154 1155 1156 1157 1158 
1110 1122 1124 1126 1128 1129 1130 1131 1132 1133 1134 1135 1136 1137 1138 1139 1140 1141 1142 1143 1144 1145 1146 1147 1148 1149 1150 1151 1152 1153 1154 1155 1156 1157 1158 
1110 1122 1124 1126 1128 1129 1130 1131 1133 1134 1135 1136 1137 1138 1139 1140 1141 1142 1143 1144 1145 1146 1147 1148 1149 1151 1152 1153 1154 1155 1156 1157 1158 
1159 1160 1161 1162 1163 1281 
1096 1159 1160 1161 1162 1163 1281 
1096 1097 1159 1160 1161 1162 1163 1281 
1164 1165 1267 1276 1277 1278 1279 
1166 
780 781 783 788 799 800 801 802 973 1167 1168 
1169 1170 1172 1173 1174 1175 1176 1177 1178 1179 1180 1181 1182 1183 1184 1185 1187 1188 1189 1190 1191 1192 1193 1194 1196 1197 1198 1199 1200 1201 1202 1203 1204 1205 1206 1207 1208 1209 1210 1211 1212 1213 1214 1216 1217 1218 1219 1220 1221 1222 1223 
1171 1172 1225 
1169 1170 1171 1172 1173 1174 1175 1177 1178 1179 1181 1182 1183 1184 1185 1187 1188 1189 1190 1191 1192 1193 1194 1196 1197 1198 1199 1200 1201 1202 1203 1204 1205 1206 1207 1208 1209 1210 1211 1212 1213 1214 1217 1218 1219 1220 1221 1222 1223 1225 
1169 1170 1173 1174 1175 1176 1177 1178 1179 1180 1181 1182 1183 1184 1185 1187 1188 1189 1190 1191 1192 1193 1194 1196 1197 1198 1199 1200 1201 1202 1204 1205 1206 1207 1209 1210 1211 1212 1213 1214 1216 1217 1218 1219 1220 1221 1222 1223 
1169 1170 1172 1173 1174 1175 1176 1177 1178 1179 1180 1181 1182 1183 1184 1185 1186 1187 1188 1189 1190 1191 1192 1193 1194 1196 1197 1198 1199 1200 1201 1202 1203 1204 1205 1206 1207 1208 1209 1210 1211 1212 1213 1214 1216 1217 1218 1219 1220 1221 1222 1223 
1169 1170 1173 1174 1175 1176 1177 1178 1179 1180 1181 1182 1183 1184 1185 1187 1188 1190 1191 1192 1193 1194 1196 1197 1198 1199 1200 1201 1202 1204 1205 1206 1207 1209 1210 1211 1212 1213 1214 1216 1217 1219 1220 1221 1222 1223 
1177 1178 1186 1189 
1169 1170 1172 1173 1174 1175 1176 1177 1178 1179 1181 1182 1183 1184 1185 1186 1187 1188 1189 1190 1191 1192 1193 1194 1196 1197 1198 1199 1200 1201 1202 1203 1204 1205 1206 1207 1208 1209 1210 1211 1212 1213 1214 1217 1218 1219 1220 1221 1222 1223 
1195 
1169 1170 1172 1173 1174 1175 1177 1178 1179 1181 1182 1183 1184 1185 1187 1188 1189 1190 1191 1192 1193 1194 1196 1197 1198 1199 1200 1201 1202 1203 1204 1205 1206 1207 1208 1209 1210 1211 1212 1213 1214 1217 1218 1219 1220 1221 1222 1223 
322 323 324 325 326 328 1099 1100 1104 1215 
1169 1170 1172 1173 1174 1175 1176 1177 1178 1179 1181 1182 1183 1184 1185 1187 1188 1189 1190 1191 1192 1193 1194 1196 1197 1198 1199 1200 1201 1202 1203 1204 1205 1206 1207 1208 1209 1210 1211 1212 1213 1214 1217 1218 1219 1220 1221 1222 1223 
1224 
1226 1227 1228 1230 1231 1232 1233 1234 1235 1236 1237 1239 1240 1243 1244 1247 
1226 1227 1228 1230 1231 1232 1233 1235 1236 1237 1239 1240 1243 1244 1247 
1226 1227 1228 1230 1231 1233 1235 1236 1237 1239 1240 1247 
241 595 596 597 598 1229 1230 1231 1234 1236 1237 
772 1226 1227 1228 1229 1230 1231 1232 1233 1234 1235 1236 1237 1239 1240 1243 1244 1247 
1226 1227 1228 1229 1230 1231 1232 1233 1234 1235 1236 1237 1238 1239 1240 1242 1243 1244 1247 
1226 1227 1230 1231 1232 1233 1235 1236 1237 1239 1240 1243 1244 1247 
1226 1227 1228 1230 1231 1232 1233 1235 1236 1237 1238 1239 1240 1242 1243 1244 1247 
1226 1229 1230 1231 1234 1235 1236 1237 1238 1240 1242 
1231 1233 1234 1236 1237 1238 1239 1242 1247 
1241 1248 
52 175 176 177 178 476 478 479 714 716 717 719 721 723 724 725 731 734 735 739 740 744 747 749 750 751 753 1048 1245 1246 
256 257 451 452 453 456 693 1249 1258 
1250 1251 1252 1253 1254 1255 
1084 1250 1251 1253 1254 1255 1285 
65 67 609 612 613 615 1063 1064 1250 1252 1253 1261 1274 1276 1277 1278 1279 
1084 1250 1251 1252 1253 1254 1255 1285 
1250 1251 1253 1254 1255 
1257 1258 
1249 1257 1258 
1259 
21 342 343 344 345 351 353 360 361 363 366 367 375 381 388 389 1260 1262 1263 1268 1269 1271 1272 1274 1282 
65 67 346 347 350 352 365 370 372 374 377 378 380 609 612 613 615 1063 1064 1252 1261 1266 1267 1269 1271 1272 1273 1274 1275 1276 1277 1278 1279 1280 1281 1282 1291 
21 604 1260 1262 1263 1268 1269 1271 1272 1274 1282 
1264 
205 351 361 1265 
1261 1266 1267 1273 1275 1280 1281 1291 
390 391 392 399 1164 1165 1261 1266 1267 1273 1275 1276 1277 1278 1279 1280 1281 1291 
21 299 343 356 357 358 360 364 366 681 1260 1262 1263 1268 1269 1271 1272 1274 1282 
21 299 343 354 356 357 358 360 364 366 681 1260 1261 1262 1263 1268 1269 1271 1272 1273 1274 1282 
359 365 380 400 1270 
21 299 343 356 357 358 360 364 366 681 1260 1261 1262 1263 1268 1269 1271 1272 1273 1274 1282 
19 340 341 342 344 345 349 351 355 356 357 360 361 362 363 364 366 367 371 375 381 384 388 1260 1261 1262 1263 1268 1269 1271 1272 1273 1274 1282 
1261 1266 1267 1269 1271 1272 1273 1274 1275 1280 1281 1282 1291 
19 65 67 340 341 342 344 345 349 351 354 355 356 357 360 361 362 363 364 366 367 371 375 381 384 388 609 612 613 615 1063 1064 1252 1260 1261 1262 1263 1268 1269 1271 1272 1273 1274 1276 1277 1278 1279 1282 
65 67 340 341 343 349 350 351 353 354 355 356 357 360 361 364 366 367 368 369 372 373 375 376 378 379 380 382 383 384 385 389 601 602 604 608 609 612 613 615 1063 1064 1164 1165 1252 1261 1267 1274 1276 1277 1278 1279 
387 1159 1160 1161 1162 1163 1261 1266 1267 1273 1275 1280 1281 1291 
79 340 341 349 350 351 352 355 365 366 367 368 369 371 372 373 375 376 377 378 379 382 383 384 385 600 601 602 603 604 605 607 1283 1284 1285 1286 
1084 1251 1253 1254 1283 1284 1285 1286 
1287 
329 332 380 461 469 550 556 557 558 559 565 1023 1025 1027 1029 1288 1289 1290 
242 244 247 248 249 250 255 256 257 260 317 337 338 433 434 437 589 590 591 594 1288 1289 1290 1293 1294 
1292 
437 1289 1290 1293 1294 
